EPOCH: 0, Best: 0.56, MEAN FITNESS: 0.559999
SUM FITNESS: 112, SUM FITNESS*100: 11200
0.56,0.56,0.56,0.56,0.56,0.56,0.56,0.56,0.56,0.56,0.56,0.56,0.56,0.56,0.56,0.56,0.56,0.56,0.56,0.56,0.56,0.56,0.56,0.56,0.56,0.56,0.56,0.56,0.56,0.56,0.56,0.56,0.56,0.56,0.56,0.56,0.56,0.56,0.56,0.56,0.56,0.56,0.56,0.56,0.56,0.56,0.56,0.56,0.56,0.56,0.56,0.56,0.56,0.56,0.56,0.56,0.56,0.56,0.56,0.56,0.56,0.56,0.56,0.56,0.56,0.56,0.56,0.56,0.56,0.56,0.56,0.56,0.56,0.56,0.56,0.56,0.56,0.56,0.56,0.56,0.56,0.56,0.56,0.56,0.56,0.56,0.56,0.56,0.56,0.56,0.56,0.56,0.56,0.56,0.56,0.56,0.56,0.56,0.56,0.56,0.56,0.56,0.56,0.56,0.56,0.56,0.56,0.56,0.56,0.56,0.56,0.56,0.56,0.56,0.56,0.56,0.56,0.56,0.56,0.56,0.56,0.56,0.56,0.56,0.56,0.56,0.56,0.56,0.56,0.56,0.56,0.56,0.56,0.56,0.56,0.56,0.56,0.56,0.56,0.56,0.56,0.56,0.56,0.56,0.56,0.56,0.56,0.56,0.56,0.56,0.56,0.56,0.56,0.56,0.56,0.56,0.56,0.56,0.56,0.56,0.56,0.56,0.56,0.56,0.56,0.56,0.56,0.56,0.56,0.56,0.56,0.56,0.56,0.56,0.56,0.56,0.56,0.56,0.56,0.56,0.56,0.56,0.56,0.56,0.56,0.56,0.56,0.56,0.56,0.56,0.56,0.56,0.56,0.56,0.56,0.56,0.56,0.56,0.56,0.56,
EPOCH: 1, Best: 0.6, MEAN FITNESS: 0.559799
SUM FITNESS: 111.96, SUM FITNESS*100: 11196
0.56,0.56,0.56,0.56,0.56,0.56,0.56,0.56,0.56,0.56,0.56,0.56,0.56,0.56,0.56,0.56,0.56,0.56,0.56,0.56,0.56,0.56,0.56,0.56,0.56,0.56,0.56,0.56,0.56,0.56,0.56,0.56,0.56,0.56,0.56,0.56,0.56,0.56,0.56,0.56,0.56,0.56,0.56,0.56,0.56,0.52,0.56,0.56,0.56,0.56,0.56,0.56,0.56,0.56,0.56,0.56,0.56,0.56,0.56,0.56,0.56,0.56,0.56,0.56,0.56,0.56,0.56,0.56,0.56,0.56,0.56,0.56,0.56,0.56,0.56,0.56,0.56,0.56,0.56,0.56,0.56,0.56,0.56,0.56,0.56,0.56,0.56,0.56,0.56,0.56,0.56,0.56,0.56,0.56,0.56,0.56,0.56,0.56,0.56,0.56,0.56,0.56,0.56,0.56,0.56,0.56,0.52,0.56,0.56,0.56,0.56,0.56,0.56,0.56,0.56,0.56,0.56,0.56,0.56,0.56,0.56,0.56,0.56,0.56,0.56,0.56,0.56,0.56,0.56,0.56,0.56,0.56,0.56,0.56,0.56,0.56,0.56,0.56,0.56,0.56,0.56,0.56,0.56,0.56,0.56,0.56,0.56,0.6,0.56,0.56,0.56,0.56,0.56,0.56,0.56,0.56,0.56,0.56,0.56,0.56,0.56,0.56,0.56,0.56,0.56,0.56,0.56,0.56,0.56,0.56,0.56,0.56,0.56,0.56,0.56,0.56,0.56,0.56,0.56,0.56,0.56,0.56,0.56,0.56,0.56,0.56,0.56,0.56,0.56,0.56,0.56,0.56,0.56,0.56,0.56,0.56,0.56,0.6,0.52,0.56,
EPOCH: 2, Best: 0.6, MEAN FITNESS: 0.561199
SUM FITNESS: 112.24, SUM FITNESS*100: 11224
0.56,0.56,0.56,0.52,0.56,0.56,0.56,0.56,0.56,0.56,0.56,0.56,0.56,0.56,0.56,0.56,0.56,0.56,0.56,0.6,0.56,0.56,0.56,0.56,0.56,0.56,0.56,0.56,0.56,0.56,0.56,0.56,0.56,0.56,0.56,0.56,0.56,0.56,0.56,0.56,0.56,0.56,0.56,0.6,0.56,0.56,0.56,0.56,0.56,0.56,0.56,0.56,0.56,0.56,0.56,0.56,0.56,0.56,0.56,0.56,0.56,0.6,0.56,0.56,0.56,0.56,0.56,0.56,0.56,0.56,0.56,0.56,0.56,0.56,0.56,0.52,0.56,0.6,0.56,0.56,0.56,0.56,0.56,0.56,0.56,0.56,0.56,0.56,0.56,0.56,0.56,0.56,0.56,0.56,0.56,0.56,0.56,0.56,0.56,0.56,0.56,0.56,0.56,0.52,0.6,0.56,0.56,0.56,0.56,0.56,0.56,0.56,0.56,0.56,0.56,0.56,0.56,0.56,0.56,0.56,0.56,0.56,0.56,0.56,0.56,0.56,0.56,0.56,0.56,0.56,0.56,0.56,0.56,0.56,0.56,0.56,0.56,0.56,0.56,0.56,0.56,0.56,0.56,0.56,0.56,0.56,0.56,0.6,0.56,0.56,0.56,0.56,0.56,0.56,0.56,0.56,0.56,0.56,0.56,0.56,0.56,0.56,0.56,0.56,0.56,0.56,0.56,0.56,0.6,0.56,0.56,0.56,0.56,0.56,0.56,0.56,0.56,0.56,0.56,0.56,0.56,0.56,0.56,0.56,0.56,0.56,0.56,0.56,0.56,0.56,0.56,0.56,0.56,0.6,0.56,0.56,0.56,0.56,0.6,0.56,
EPOCH: 3, Best: 0.64, MEAN FITNESS: 0.560399
SUM FITNESS: 112.08, SUM FITNESS*100: 11208
0.56,0.56,0.56,0.56,0.56,0.56,0.56,0.56,0.56,0.56,0.56,0.56,0.56,0.56,0.56,0.56,0.56,0.56,0.56,0.6,0.56,0.56,0.56,0.56,0.56,0.56,0.56,0.56,0.56,0.56,0.56,0.56,0.56,0.56,0.56,0.56,0.56,0.56,0.56,0.56,0.56,0.56,0.52,0.56,0.56,0.56,0.56,0.56,0.56,0.56,0.56,0.56,0.56,0.56,0.56,0.56,0.56,0.56,0.56,0.56,0.56,0.56,0.56,0.56,0.6,0.56,0.52,0.56,0.52,0.6,0.56,0.56,0.56,0.56,0.56,0.56,0.56,0.56,0.56,0.56,0.56,0.56,0.56,0.56,0.56,0.56,0.56,0.56,0.56,0.56,0.56,0.56,0.56,0.56,0.56,0.52,0.56,0.6,0.56,0.64,0.56,0.56,0.56,0.56,0.56,0.56,0.56,0.56,0.56,0.56,0.56,0.56,0.56,0.56,0.56,0.56,0.56,0.56,0.56,0.56,0.56,0.56,0.56,0.56,0.56,0.56,0.56,0.56,0.56,0.56,0.56,0.56,0.56,0.56,0.56,0.56,0.56,0.56,0.56,0.56,0.56,0.56,0.56,0.56,0.56,0.56,0.56,0.56,0.56,0.56,0.56,0.56,0.56,0.56,0.56,0.56,0.56,0.56,0.56,0.56,0.56,0.56,0.56,0.56,0.56,0.56,0.56,0.56,0.56,0.56,0.56,0.56,0.56,0.56,0.56,0.56,0.52,0.56,0.56,0.56,0.56,0.56,0.56,0.56,0.56,0.56,0.56,0.56,0.56,0.56,0.52,0.52,0.6,0.56,0.6,0.6,0.56,0.56,0.56,0.56,
EPOCH: 4, Best: 0.64, MEAN FITNESS: 0.560999
SUM FITNESS: 112.2, SUM FITNESS*100: 11220
0.56,0.52,0.56,0.56,0.56,0.56,0.56,0.56,0.56,0.56,0.56,0.56,0.56,0.56,0.56,0.56,0.52,0.56,0.64,0.56,0.56,0.56,0.56,0.56,0.56,0.56,0.56,0.56,0.56,0.56,0.56,0.56,0.56,0.56,0.56,0.56,0.52,0.56,0.56,0.56,0.56,0.56,0.56,0.56,0.56,0.56,0.6,0.56,0.56,0.56,0.56,0.56,0.6,0.56,0.56,0.56,0.56,0.56,0.56,0.56,0.56,0.56,0.56,0.56,0.56,0.56,0.56,0.56,0.56,0.56,0.56,0.56,0.56,0.56,0.56,0.56,0.56,0.56,0.56,0.56,0.52,0.6,0.56,0.56,0.56,0.56,0.56,0.52,0.56,0.56,0.56,0.56,0.56,0.56,0.56,0.56,0.56,0.56,0.56,0.64,0.52,0.56,0.56,0.56,0.56,0.56,0.56,0.56,0.56,0.56,0.56,0.56,0.56,0.56,0.56,0.56,0.56,0.6,0.56,0.56,0.56,0.56,0.56,0.56,0.56,0.56,0.56,0.56,0.56,0.56,0.56,0.56,0.56,0.56,0.64,0.56,0.56,0.56,0.56,0.56,0.56,0.56,0.56,0.56,0.56,0.6,0.56,0.56,0.56,0.56,0.56,0.56,0.56,0.56,0.6,0.56,0.56,0.52,0.56,0.56,0.56,0.56,0.56,0.56,0.52,0.56,0.56,0.56,0.56,0.56,0.56,0.56,0.56,0.56,0.56,0.56,0.56,0.56,0.56,0.56,0.56,0.56,0.52,0.56,0.56,0.6,0.56,0.56,0.6,0.56,0.56,0.56,0.56,0.56,0.56,0.56,0.56,0.56,0.56,0.56,
EPOCH: 5, Best: 0.64, MEAN FITNESS: 0.561999
SUM FITNESS: 112.4, SUM FITNESS*100: 11240
0.56,0.56,0.56,0.56,0.56,0.56,0.56,0.52,0.56,0.6,0.56,0.6,0.56,0.56,0.56,0.56,0.52,0.56,0.64,0.56,0.56,0.56,0.56,0.56,0.56,0.56,0.56,0.56,0.56,0.56,0.56,0.56,0.56,0.56,0.56,0.56,0.56,0.6,0.56,0.56,0.56,0.56,0.56,0.56,0.56,0.56,0.56,0.56,0.56,0.56,0.56,0.6,0.56,0.56,0.56,0.56,0.56,0.56,0.56,0.56,0.56,0.56,0.56,0.56,0.52,0.56,0.56,0.56,0.56,0.6,0.56,0.56,0.56,0.6,0.56,0.56,0.56,0.56,0.56,0.56,0.56,0.56,0.56,0.56,0.56,0.56,0.56,0.56,0.56,0.56,0.56,0.56,0.56,0.56,0.56,0.56,0.56,0.6,0.6,0.56,0.56,0.56,0.56,0.56,0.56,0.56,0.6,0.56,0.56,0.56,0.6,0.56,0.56,0.56,0.56,0.56,0.56,0.56,0.56,0.56,0.56,0.56,0.56,0.56,0.56,0.6,0.56,0.56,0.56,0.56,0.56,0.56,0.56,0.56,0.56,0.56,0.56,0.56,0.56,0.56,0.56,0.56,0.56,0.56,0.56,0.56,0.56,0.56,0.56,0.56,0.56,0.6,0.56,0.52,0.56,0.56,0.52,0.56,0.56,0.56,0.56,0.56,0.56,0.56,0.56,0.56,0.56,0.56,0.56,0.56,0.6,0.56,0.56,0.56,0.56,0.56,0.56,0.6,0.56,0.56,0.56,0.56,0.56,0.56,0.56,0.56,0.56,0.56,0.52,0.56,0.56,0.56,0.56,0.56,0.56,0.56,0.56,0.56,0.56,0.56,
EPOCH: 6, Best: 0.64, MEAN FITNESS: 0.563399
SUM FITNESS: 112.68, SUM FITNESS*100: 11268
0.56,0.56,0.56,0.56,0.56,0.56,0.6,0.56,0.56,0.56,0.56,0.56,0.56,0.56,0.52,0.6,0.56,0.56,0.64,0.56,0.6,0.56,0.56,0.56,0.6,0.56,0.56,0.56,0.56,0.56,0.56,0.56,0.56,0.56,0.56,0.56,0.56,0.6,0.56,0.56,0.56,0.56,0.56,0.56,0.56,0.6,0.56,0.56,0.56,0.56,0.56,0.56,0.56,0.56,0.56,0.56,0.56,0.56,0.56,0.56,0.56,0.52,0.56,0.56,0.56,0.56,0.56,0.6,0.56,0.56,0.56,0.56,0.56,0.56,0.56,0.56,0.56,0.56,0.56,0.56,0.56,0.56,0.6,0.56,0.56,0.6,0.56,0.56,0.56,0.56,0.56,0.56,0.56,0.56,0.56,0.56,0.6,0.56,0.56,0.56,0.56,0.56,0.56,0.56,0.56,0.56,0.6,0.56,0.56,0.6,0.56,0.56,0.56,0.56,0.56,0.56,0.56,0.56,0.56,0.56,0.56,0.56,0.56,0.56,0.56,0.56,0.56,0.56,0.56,0.56,0.56,0.56,0.56,0.6,0.56,0.56,0.56,0.56,0.56,0.56,0.56,0.56,0.56,0.56,0.56,0.56,0.6,0.56,0.6,0.56,0.64,0.56,0.56,0.56,0.56,0.56,0.56,0.56,0.56,0.56,0.56,0.56,0.56,0.56,0.56,0.56,0.6,0.56,0.56,0.56,0.56,0.56,0.56,0.56,0.56,0.56,0.56,0.56,0.56,0.56,0.56,0.56,0.56,0.56,0.56,0.6,0.56,0.56,0.56,0.56,0.56,0.52,0.56,0.56,0.56,0.52,0.56,0.56,0.56,0.56,
EPOCH: 7, Best: 0.64, MEAN FITNESS: 0.563199
SUM FITNESS: 112.64, SUM FITNESS*100: 11264
0.52,0.56,0.56,0.56,0.56,0.56,0.56,0.56,0.56,0.56,0.56,0.56,0.56,0.56,0.56,0.56,0.56,0.56,0.64,0.56,0.56,0.56,0.56,0.52,0.6,0.56,0.56,0.56,0.56,0.56,0.6,0.52,0.6,0.56,0.56,0.56,0.56,0.56,0.56,0.56,0.56,0.56,0.56,0.56,0.6,0.56,0.56,0.56,0.56,0.56,0.56,0.56,0.56,0.56,0.56,0.56,0.56,0.56,0.52,0.56,0.56,0.56,0.56,0.56,0.56,0.56,0.56,0.56,0.56,0.56,0.56,0.6,0.56,0.56,0.56,0.56,0.56,0.52,0.56,0.56,0.56,0.56,0.56,0.6,0.56,0.56,0.56,0.56,0.56,0.6,0.56,0.52,0.56,0.56,0.56,0.56,0.56,0.56,0.6,0.56,0.56,0.56,0.56,0.56,0.56,0.56,0.56,0.6,0.6,0.56,0.56,0.56,0.56,0.6,0.56,0.6,0.56,0.56,0.56,0.56,0.56,0.56,0.56,0.56,0.56,0.56,0.56,0.56,0.56,0.56,0.56,0.56,0.56,0.56,0.56,0.56,0.56,0.6,0.56,0.56,0.56,0.56,0.56,0.56,0.56,0.52,0.56,0.56,0.56,0.56,0.56,0.6,0.56,0.56,0.56,0.56,0.56,0.6,0.56,0.56,0.56,0.56,0.56,0.56,0.56,0.56,0.6,0.56,0.56,0.56,0.56,0.56,0.6,0.56,0.56,0.56,0.56,0.56,0.56,0.6,0.56,0.56,0.6,0.64,0.56,0.6,0.56,0.56,0.56,0.56,0.56,0.52,0.56,0.56,0.56,0.56,0.56,0.56,0.56,0.56,
EPOCH: 8, Best: 0.64, MEAN FITNESS: 0.562799
SUM FITNESS: 112.56, SUM FITNESS*100: 11256
0.56,0.56,0.52,0.56,0.56,0.56,0.56,0.56,0.56,0.56,0.56,0.56,0.56,0.56,0.56,0.56,0.56,0.56,0.64,0.56,0.56,0.52,0.56,0.56,0.56,0.56,0.56,0.56,0.56,0.56,0.6,0.56,0.56,0.56,0.56,0.6,0.56,0.56,0.6,0.56,0.56,0.6,0.56,0.56,0.56,0.56,0.6,0.56,0.6,0.56,0.56,0.56,0.56,0.56,0.56,0.56,0.56,0.56,0.56,0.56,0.56,0.56,0.56,0.56,0.56,0.56,0.56,0.56,0.56,0.56,0.6,0.56,0.52,0.56,0.6,0.56,0.56,0.56,0.56,0.56,0.52,0.6,0.56,0.6,0.56,0.56,0.56,0.56,0.56,0.56,0.6,0.56,0.56,0.52,0.56,0.56,0.52,0.52,0.6,0.56,0.56,0.56,0.56,0.56,0.56,0.56,0.6,0.56,0.56,0.56,0.56,0.56,0.56,0.56,0.56,0.56,0.6,0.56,0.56,0.56,0.56,0.56,0.6,0.56,0.52,0.56,0.56,0.56,0.56,0.6,0.56,0.56,0.56,0.56,0.56,0.56,0.52,0.56,0.56,0.6,0.56,0.56,0.56,0.6,0.56,0.56,0.52,0.6,0.56,0.56,0.56,0.56,0.56,0.56,0.6,0.56,0.56,0.56,0.56,0.56,0.56,0.56,0.56,0.56,0.56,0.56,0.56,0.6,0.52,0.56,0.56,0.56,0.56,0.56,0.6,0.56,0.56,0.56,0.56,0.56,0.56,0.56,0.56,0.56,0.52,0.6,0.56,0.56,0.56,0.56,0.56,0.56,0.56,0.56,0.52,0.56,0.64,0.56,0.56,0.56,
EPOCH: 9, Best: 0.64, MEAN FITNESS: 0.566799
SUM FITNESS: 113.36, SUM FITNESS*100: 11336
0.6,0.56,0.56,0.56,0.6,0.56,0.56,0.6,0.6,0.56,0.6,0.6,0.56,0.56,0.6,0.56,0.56,0.56,0.64,0.56,0.56,0.6,0.56,0.56,0.56,0.56,0.56,0.56,0.56,0.56,0.52,0.6,0.56,0.56,0.6,0.56,0.56,0.6,0.6,0.56,0.56,0.56,0.56,0.56,0.56,0.56,0.56,0.56,0.56,0.56,0.56,0.56,0.56,0.56,0.56,0.56,0.6,0.6,0.56,0.6,0.56,0.56,0.56,0.56,0.56,0.52,0.56,0.56,0.56,0.56,0.56,0.56,0.56,0.56,0.6,0.56,0.56,0.6,0.6,0.56,0.56,0.6,0.56,0.56,0.56,0.56,0.56,0.6,0.56,0.56,0.52,0.6,0.56,0.56,0.56,0.56,0.56,0.56,0.56,0.52,0.52,0.56,0.56,0.56,0.56,0.64,0.52,0.56,0.56,0.56,0.6,0.56,0.56,0.6,0.56,0.56,0.56,0.56,0.56,0.56,0.56,0.56,0.56,0.56,0.56,0.56,0.6,0.56,0.56,0.56,0.56,0.56,0.56,0.56,0.56,0.56,0.56,0.56,0.6,0.56,0.56,0.56,0.56,0.6,0.56,0.56,0.56,0.56,0.56,0.56,0.56,0.56,0.56,0.6,0.6,0.56,0.56,0.6,0.6,0.56,0.56,0.56,0.56,0.56,0.56,0.56,0.6,0.56,0.56,0.56,0.56,0.64,0.56,0.56,0.56,0.56,0.56,0.56,0.56,0.56,0.52,0.52,0.56,0.56,0.56,0.52,0.6,0.56,0.6,0.56,0.56,0.6,0.56,0.56,0.56,0.56,0.6,0.64,0.56,0.56,
EPOCH: 10, Best: 0.64, MEAN FITNESS: 0.570199
SUM FITNESS: 114.04, SUM FITNESS*100: 11404
0.56,0.6,0.6,0.56,0.56,0.56,0.56,0.52,0.56,0.56,0.56,0.56,0.64,0.6,0.6,0.64,0.56,0.6,0.64,0.56,0.56,0.56,0.56,0.56,0.56,0.6,0.56,0.56,0.56,0.56,0.6,0.56,0.56,0.56,0.56,0.56,0.56,0.56,0.56,0.56,0.6,0.56,0.56,0.56,0.6,0.56,0.6,0.56,0.56,0.56,0.56,0.56,0.56,0.56,0.56,0.56,0.56,0.56,0.6,0.56,0.6,0.56,0.52,0.64,0.56,0.56,0.56,0.56,0.56,0.56,0.52,0.56,0.6,0.56,0.56,0.6,0.56,0.56,0.56,0.56,0.56,0.56,0.56,0.56,0.56,0.56,0.52,0.56,0.56,0.56,0.56,0.6,0.56,0.6,0.52,0.56,0.56,0.56,0.6,0.56,0.6,0.56,0.6,0.56,0.56,0.56,0.56,0.56,0.56,0.56,0.56,0.56,0.56,0.56,0.6,0.56,0.56,0.56,0.56,0.64,0.56,0.56,0.64,0.56,0.56,0.56,0.56,0.56,0.56,0.6,0.56,0.56,0.64,0.56,0.6,0.56,0.56,0.56,0.56,0.64,0.56,0.56,0.56,0.56,0.52,0.56,0.6,0.56,0.64,0.56,0.56,0.64,0.56,0.56,0.6,0.64,0.56,0.52,0.56,0.56,0.56,0.56,0.6,0.52,0.56,0.56,0.56,0.56,0.56,0.56,0.6,0.56,0.64,0.56,0.52,0.6,0.56,0.64,0.56,0.56,0.6,0.56,0.56,0.56,0.6,0.64,0.56,0.56,0.6,0.56,0.56,0.64,0.56,0.56,0.56,0.56,0.56,0.6,0.52,0.56,
EPOCH: 11, Best: 0.68, MEAN FITNESS: 0.570799
SUM FITNESS: 114.16, SUM FITNESS*100: 11416
0.56,0.6,0.56,0.6,0.6,0.56,0.56,0.6,0.56,0.56,0.56,0.56,0.64,0.6,0.6,0.52,0.56,0.56,0.56,0.56,0.56,0.56,0.6,0.64,0.56,0.56,0.56,0.56,0.56,0.56,0.56,0.56,0.56,0.56,0.56,0.56,0.56,0.56,0.6,0.56,0.56,0.56,0.56,0.56,0.56,0.56,0.6,0.52,0.56,0.56,0.56,0.64,0.56,0.6,0.52,0.56,0.56,0.56,0.64,0.56,0.64,0.56,0.6,0.56,0.56,0.56,0.56,0.56,0.52,0.56,0.56,0.56,0.6,0.56,0.56,0.6,0.56,0.56,0.6,0.6,0.56,0.64,0.56,0.56,0.56,0.56,0.56,0.56,0.56,0.56,0.48,0.56,0.56,0.64,0.56,0.56,0.56,0.56,0.56,0.56,0.56,0.56,0.56,0.6,0.56,0.6,0.56,0.56,0.52,0.56,0.6,0.56,0.56,0.64,0.56,0.56,0.64,0.56,0.56,0.56,0.64,0.64,0.6,0.56,0.56,0.6,0.56,0.56,0.56,0.56,0.56,0.6,0.56,0.68,0.56,0.56,0.56,0.56,0.56,0.56,0.56,0.6,0.56,0.56,0.56,0.52,0.56,0.56,0.56,0.56,0.56,0.56,0.6,0.56,0.6,0.56,0.56,0.6,0.56,0.56,0.56,0.56,0.56,0.6,0.56,0.6,0.56,0.6,0.52,0.56,0.56,0.6,0.52,0.56,0.56,0.56,0.64,0.56,0.56,0.64,0.56,0.56,0.56,0.56,0.56,0.6,0.56,0.6,0.56,0.6,0.56,0.52,0.6,0.6,0.56,0.56,0.56,0.64,0.6,0.52,
EPOCH: 12, Best: 0.68, MEAN FITNESS: 0.572999
SUM FITNESS: 114.6, SUM FITNESS*100: 11460
0.56,0.56,0.56,0.64,0.56,0.56,0.56,0.6,0.56,0.56,0.56,0.56,0.64,0.6,0.56,0.56,0.6,0.56,0.56,0.56,0.56,0.6,0.6,0.56,0.6,0.6,0.56,0.52,0.6,0.56,0.64,0.56,0.56,0.52,0.56,0.56,0.6,0.6,0.56,0.56,0.64,0.56,0.56,0.52,0.56,0.56,0.56,0.56,0.64,0.6,0.6,0.6,0.56,0.52,0.56,0.6,0.56,0.6,0.6,0.52,0.56,0.56,0.56,0.56,0.56,0.6,0.56,0.6,0.56,0.64,0.56,0.56,0.56,0.6,0.56,0.6,0.56,0.56,0.56,0.56,0.56,0.6,0.6,0.56,0.56,0.52,0.6,0.56,0.64,0.56,0.56,0.6,0.6,0.56,0.56,0.6,0.56,0.56,0.64,0.56,0.56,0.6,0.56,0.6,0.6,0.56,0.52,0.56,0.6,0.56,0.6,0.56,0.6,0.6,0.56,0.56,0.64,0.6,0.56,0.56,0.56,0.52,0.6,0.56,0.6,0.6,0.56,0.52,0.6,0.6,0.56,0.56,0.56,0.68,0.56,0.52,0.56,0.56,0.56,0.56,0.6,0.52,0.6,0.56,0.56,0.52,0.56,0.56,0.56,0.56,0.56,0.56,0.56,0.56,0.56,0.6,0.56,0.56,0.6,0.52,0.56,0.6,0.56,0.56,0.52,0.56,0.56,0.56,0.56,0.6,0.6,0.6,0.56,0.56,0.56,0.56,0.56,0.6,0.56,0.56,0.56,0.56,0.56,0.6,0.56,0.6,0.56,0.56,0.56,0.56,0.6,0.6,0.64,0.56,0.68,0.56,0.56,0.56,0.56,0.6,
EPOCH: 13, Best: 0.68, MEAN FITNESS: 0.576599
SUM FITNESS: 115.32, SUM FITNESS*100: 11532
0.56,0.6,0.56,0.6,0.6,0.64,0.6,0.52,0.6,0.6,0.6,0.6,0.6,0.6,0.6,0.56,0.52,0.56,0.56,0.56,0.52,0.6,0.6,0.64,0.6,0.52,0.52,0.52,0.56,0.68,0.6,0.64,0.56,0.56,0.56,0.56,0.6,0.52,0.56,0.56,0.56,0.56,0.56,0.56,0.56,0.56,0.6,0.56,0.64,0.64,0.56,0.56,0.56,0.56,0.56,0.6,0.56,0.52,0.56,0.56,0.6,0.56,0.56,0.6,0.56,0.56,0.56,0.56,0.56,0.56,0.56,0.64,0.56,0.56,0.56,0.52,0.56,0.56,0.64,0.56,0.64,0.56,0.6,0.6,0.56,0.56,0.56,0.6,0.68,0.6,0.6,0.56,0.6,0.56,0.56,0.6,0.56,0.56,0.6,0.56,0.6,0.6,0.6,0.6,0.56,0.6,0.56,0.52,0.56,0.56,0.56,0.56,0.56,0.64,0.56,0.56,0.6,0.56,0.56,0.64,0.56,0.56,0.64,0.68,0.52,0.6,0.6,0.6,0.6,0.52,0.6,0.56,0.56,0.68,0.64,0.56,0.56,0.6,0.56,0.52,0.56,0.56,0.6,0.56,0.6,0.56,0.6,0.56,0.56,0.56,0.56,0.56,0.56,0.56,0.6,0.64,0.6,0.56,0.52,0.56,0.56,0.56,0.56,0.6,0.56,0.6,0.56,0.6,0.56,0.6,0.56,0.56,0.56,0.6,0.56,0.56,0.52,0.56,0.56,0.56,0.56,0.56,0.56,0.6,0.56,0.56,0.56,0.6,0.56,0.6,0.56,0.6,0.64,0.64,0.6,0.56,0.6,0.56,0.56,0.56,
EPOCH: 14, Best: 0.68, MEAN FITNESS: 0.582799
SUM FITNESS: 116.56, SUM FITNESS*100: 11656
0.6,0.56,0.6,0.56,0.64,0.56,0.52,0.52,0.56,0.6,0.56,0.64,0.56,0.56,0.6,0.52,0.52,0.6,0.6,0.56,0.6,0.52,0.64,0.56,0.6,0.56,0.64,0.56,0.6,0.68,0.56,0.56,0.6,0.64,0.6,0.6,0.56,0.6,0.6,0.56,0.56,0.6,0.56,0.56,0.6,0.68,0.56,0.52,0.6,0.6,0.56,0.6,0.6,0.56,0.6,0.64,0.56,0.56,0.6,0.6,0.52,0.6,0.56,0.6,0.56,0.56,0.56,0.6,0.52,0.6,0.64,0.56,0.56,0.56,0.56,0.56,0.52,0.56,0.56,0.68,0.56,0.56,0.68,0.6,0.56,0.6,0.52,0.56,0.56,0.6,0.56,0.64,0.6,0.64,0.6,0.6,0.56,0.68,0.56,0.6,0.6,0.56,0.64,0.56,0.64,0.64,0.56,0.52,0.52,0.56,0.68,0.56,0.6,0.6,0.56,0.56,0.6,0.64,0.56,0.6,0.56,0.64,0.56,0.64,0.56,0.6,0.56,0.56,0.6,0.56,0.6,0.56,0.56,0.6,0.56,0.56,0.56,0.64,0.6,0.6,0.56,0.56,0.6,0.56,0.56,0.6,0.56,0.6,0.64,0.56,0.64,0.68,0.68,0.64,0.6,0.56,0.64,0.6,0.52,0.56,0.56,0.6,0.56,0.56,0.56,0.52,0.52,0.56,0.56,0.6,0.56,0.56,0.6,0.6,0.52,0.6,0.56,0.6,0.56,0.56,0.52,0.64,0.56,0.56,0.56,0.6,0.56,0.6,0.56,0.56,0.6,0.6,0.56,0.6,0.56,0.52,0.68,0.6,0.56,0.6,
EPOCH: 15, Best: 0.68, MEAN FITNESS: 0.583799
SUM FITNESS: 116.76, SUM FITNESS*100: 11676
0.6,0.52,0.56,0.56,0.6,0.6,0.56,0.56,0.56,0.56,0.6,0.6,0.6,0.6,0.56,0.6,0.64,0.52,0.6,0.56,0.64,0.6,0.56,0.56,0.64,0.56,0.56,0.56,0.6,0.68,0.6,0.56,0.6,0.6,0.6,0.6,0.64,0.6,0.6,0.52,0.52,0.6,0.56,0.56,0.56,0.64,0.64,0.6,0.56,0.6,0.6,0.52,0.56,0.52,0.68,0.68,0.52,0.64,0.56,0.6,0.56,0.6,0.56,0.56,0.56,0.6,0.6,0.64,0.6,0.56,0.6,0.56,0.6,0.6,0.6,0.6,0.6,0.6,0.6,0.56,0.56,0.56,0.56,0.56,0.52,0.6,0.6,0.6,0.64,0.56,0.56,0.52,0.6,0.68,0.64,0.6,0.52,0.52,0.6,0.6,0.68,0.52,0.6,0.56,0.6,0.56,0.56,0.56,0.56,0.64,0.6,0.6,0.56,0.56,0.52,0.6,0.56,0.56,0.56,0.64,0.56,0.6,0.6,0.6,0.6,0.56,0.56,0.6,0.6,0.6,0.6,0.56,0.56,0.56,0.6,0.56,0.56,0.64,0.6,0.6,0.6,0.56,0.56,0.64,0.56,0.56,0.6,0.56,0.52,0.56,0.56,0.6,0.6,0.6,0.52,0.56,0.6,0.64,0.6,0.6,0.56,0.64,0.6,0.56,0.56,0.52,0.56,0.6,0.52,0.56,0.6,0.6,0.6,0.56,0.6,0.52,0.56,0.56,0.6,0.68,0.56,0.52,0.52,0.6,0.6,0.6,0.6,0.6,0.56,0.56,0.6,0.6,0.6,0.6,0.64,0.6,0.56,0.64,0.6,0.6,
EPOCH: 16, Best: 0.68, MEAN FITNESS: 0.582999
SUM FITNESS: 116.6, SUM FITNESS*100: 11660
0.6,0.68,0.6,0.6,0.6,0.56,0.64,0.56,0.52,0.56,0.64,0.64,0.6,0.64,0.52,0.6,0.6,0.6,0.6,0.6,0.56,0.64,0.52,0.64,0.6,0.56,0.56,0.68,0.6,0.68,0.6,0.6,0.68,0.6,0.6,0.6,0.6,0.56,0.56,0.6,0.6,0.6,0.56,0.6,0.56,0.56,0.56,0.68,0.6,0.56,0.6,0.56,0.56,0.6,0.6,0.56,0.6,0.56,0.56,0.6,0.6,0.64,0.52,0.52,0.56,0.56,0.52,0.6,0.56,0.56,0.52,0.56,0.6,0.56,0.56,0.56,0.56,0.56,0.56,0.56,0.56,0.64,0.56,0.68,0.56,0.56,0.6,0.6,0.56,0.52,0.64,0.52,0.56,0.52,0.56,0.56,0.56,0.52,0.56,0.6,0.56,0.52,0.52,0.56,0.56,0.56,0.56,0.64,0.64,0.64,0.6,0.64,0.6,0.56,0.6,0.56,0.56,0.6,0.56,0.56,0.64,0.56,0.6,0.6,0.52,0.6,0.56,0.56,0.6,0.64,0.56,0.6,0.6,0.56,0.6,0.56,0.56,0.56,0.64,0.52,0.6,0.56,0.56,0.6,0.6,0.56,0.68,0.56,0.6,0.56,0.64,0.6,0.6,0.56,0.56,0.52,0.64,0.6,0.6,0.56,0.52,0.6,0.56,0.56,0.56,0.64,0.56,0.56,0.6,0.56,0.56,0.56,0.6,0.52,0.64,0.6,0.56,0.6,0.6,0.6,0.6,0.56,0.6,0.56,0.56,0.56,0.56,0.52,0.68,0.6,0.56,0.64,0.6,0.52,0.6,0.6,0.52,0.6,0.64,0.6,
EPOCH: 17, Best: 0.68, MEAN FITNESS: 0.584599
SUM FITNESS: 116.92, SUM FITNESS*100: 11692
0.6,0.68,0.6,0.56,0.6,0.6,0.56,0.56,0.6,0.56,0.6,0.68,0.52,0.6,0.56,0.56,0.6,0.6,0.56,0.56,0.6,0.64,0.56,0.56,0.6,0.56,0.56,0.6,0.6,0.56,0.64,0.64,0.56,0.56,0.56,0.56,0.6,0.6,0.56,0.6,0.56,0.52,0.68,0.6,0.6,0.64,0.56,0.6,0.6,0.56,0.6,0.6,0.64,0.52,0.56,0.6,0.56,0.6,0.56,0.56,0.6,0.6,0.6,0.56,0.56,0.64,0.68,0.56,0.64,0.6,0.56,0.56,0.6,0.6,0.64,0.56,0.6,0.56,0.68,0.6,0.56,0.56,0.6,0.6,0.52,0.6,0.56,0.6,0.56,0.56,0.56,0.56,0.56,0.6,0.64,0.56,0.6,0.6,0.52,0.6,0.56,0.56,0.56,0.68,0.56,0.6,0.6,0.6,0.52,0.6,0.6,0.6,0.56,0.56,0.64,0.6,0.64,0.56,0.56,0.56,0.6,0.56,0.56,0.56,0.56,0.56,0.56,0.64,0.6,0.6,0.68,0.6,0.52,0.56,0.56,0.6,0.6,0.56,0.56,0.52,0.6,0.56,0.6,0.56,0.56,0.56,0.56,0.6,0.56,0.56,0.56,0.56,0.56,0.56,0.56,0.64,0.64,0.6,0.6,0.6,0.56,0.56,0.56,0.6,0.56,0.56,0.52,0.64,0.56,0.6,0.68,0.56,0.52,0.6,0.64,0.64,0.52,0.56,0.6,0.56,0.56,0.56,0.56,0.52,0.6,0.6,0.6,0.6,0.52,0.56,0.68,0.68,0.6,0.56,0.64,0.56,0.52,0.6,0.6,0.6,
EPOCH: 18, Best: 0.76, MEAN FITNESS: 0.591599
SUM FITNESS: 118.32, SUM FITNESS*100: 11832
0.56,0.68,0.64,0.52,0.64,0.56,0.56,0.6,0.6,0.6,0.56,0.56,0.56,0.6,0.56,0.56,0.64,0.52,0.6,0.68,0.56,0.52,0.6,0.6,0.64,0.56,0.64,0.64,0.56,0.56,0.6,0.56,0.56,0.56,0.56,0.6,0.56,0.56,0.68,0.64,0.6,0.56,0.56,0.64,0.56,0.6,0.56,0.56,0.56,0.6,0.6,0.56,0.68,0.6,0.68,0.56,0.64,0.56,0.56,0.64,0.56,0.68,0.52,0.56,0.6,0.56,0.56,0.56,0.52,0.6,0.64,0.52,0.6,0.56,0.6,0.64,0.56,0.56,0.56,0.6,0.6,0.6,0.64,0.64,0.76,0.6,0.64,0.6,0.64,0.6,0.56,0.56,0.56,0.6,0.56,0.64,0.68,0.68,0.6,0.6,0.6,0.56,0.52,0.56,0.64,0.64,0.6,0.56,0.56,0.64,0.68,0.56,0.6,0.64,0.6,0.52,0.56,0.56,0.6,0.52,0.6,0.6,0.56,0.52,0.56,0.6,0.56,0.56,0.56,0.68,0.6,0.6,0.6,0.56,0.64,0.56,0.52,0.6,0.56,0.52,0.6,0.6,0.6,0.52,0.6,0.56,0.56,0.6,0.64,0.56,0.64,0.68,0.52,0.6,0.6,0.56,0.52,0.56,0.6,0.56,0.6,0.52,0.64,0.68,0.56,0.6,0.56,0.6,0.56,0.64,0.56,0.56,0.6,0.56,0.6,0.56,0.56,0.56,0.52,0.6,0.56,0.68,0.68,0.6,0.64,0.6,0.56,0.64,0.56,0.6,0.6,0.64,0.68,0.64,0.6,0.64,0.68,0.56,0.6,0.6,
EPOCH: 19, Best: 0.76, MEAN FITNESS: 0.592999
SUM FITNESS: 118.6, SUM FITNESS*100: 11860
0.52,0.6,0.56,0.6,0.6,0.56,0.64,0.6,0.76,0.68,0.56,0.56,0.6,0.56,0.6,0.64,0.6,0.52,0.6,0.64,0.56,0.6,0.6,0.68,0.6,0.56,0.6,0.64,0.6,0.56,0.56,0.56,0.64,0.56,0.6,0.56,0.56,0.6,0.56,0.6,0.52,0.52,0.56,0.6,0.56,0.56,0.6,0.56,0.76,0.56,0.6,0.52,0.52,0.6,0.56,0.6,0.56,0.56,0.6,0.6,0.6,0.68,0.56,0.52,0.56,0.6,0.56,0.56,0.56,0.6,0.6,0.56,0.6,0.56,0.56,0.56,0.6,0.6,0.56,0.56,0.6,0.64,0.56,0.6,0.76,0.6,0.56,0.56,0.6,0.56,0.56,0.64,0.56,0.52,0.56,0.6,0.6,0.64,0.68,0.56,0.56,0.6,0.52,0.52,0.56,0.56,0.56,0.6,0.64,0.76,0.64,0.56,0.56,0.56,0.68,0.64,0.6,0.56,0.56,0.56,0.6,0.64,0.6,0.6,0.72,0.56,0.6,0.6,0.56,0.56,0.6,0.56,0.6,0.6,0.56,0.56,0.72,0.56,0.56,0.6,0.56,0.56,0.64,0.56,0.52,0.64,0.6,0.72,0.76,0.56,0.6,0.56,0.6,0.64,0.68,0.76,0.56,0.56,0.56,0.56,0.6,0.72,0.6,0.6,0.6,0.68,0.56,0.56,0.56,0.64,0.56,0.56,0.6,0.6,0.76,0.56,0.6,0.56,0.6,0.56,0.64,0.52,0.6,0.6,0.56,0.6,0.52,0.6,0.6,0.64,0.56,0.64,0.52,0.6,0.6,0.56,0.6,0.56,0.6,0.6,
EPOCH: 20, Best: 0.8, MEAN FITNESS: 0.6088
SUM FITNESS: 121.76, SUM FITNESS*100: 12176
0.64,0.56,0.6,0.64,0.68,0.6,0.6,0.56,0.76,0.6,0.6,0.56,0.56,0.64,0.6,0.56,0.6,0.72,0.56,0.6,0.72,0.56,0.56,0.6,0.76,0.76,0.6,0.64,0.56,0.6,0.6,0.6,0.56,0.6,0.48,0.6,0.56,0.6,0.56,0.56,0.64,0.68,0.56,0.64,0.56,0.76,0.52,0.6,0.64,0.56,0.6,0.68,0.52,0.56,0.68,0.56,0.56,0.72,0.6,0.6,0.52,0.76,0.64,0.52,0.56,0.64,0.56,0.56,0.56,0.6,0.56,0.56,0.56,0.6,0.64,0.6,0.56,0.56,0.6,0.6,0.56,0.68,0.6,0.72,0.56,0.56,0.6,0.6,0.56,0.56,0.6,0.56,0.64,0.56,0.64,0.6,0.72,0.56,0.56,0.52,0.68,0.6,0.56,0.64,0.56,0.6,0.76,0.6,0.6,0.64,0.6,0.68,0.6,0.56,0.56,0.56,0.6,0.56,0.52,0.56,0.6,0.64,0.6,0.64,0.6,0.56,0.56,0.64,0.6,0.6,0.6,0.6,0.6,0.56,0.56,0.56,0.6,0.56,0.6,0.56,0.76,0.76,0.6,0.72,0.6,0.76,0.56,0.6,0.6,0.6,0.6,0.6,0.6,0.6,0.64,0.56,0.64,0.6,0.6,0.6,0.6,0.56,0.76,0.68,0.6,0.6,0.6,0.56,0.68,0.56,0.76,0.56,0.8,0.72,0.6,0.68,0.56,0.64,0.72,0.56,0.6,0.6,0.64,0.64,0.76,0.6,0.56,0.6,0.56,0.56,0.72,0.56,0.6,0.6,0.64,0.56,0.6,0.56,0.68,0.56,
EPOCH: 21, Best: 0.8, MEAN FITNESS: 0.614599
SUM FITNESS: 122.92, SUM FITNESS*100: 12292
0.6,0.6,0.6,0.56,0.6,0.56,0.68,0.72,0.76,0.6,0.6,0.52,0.56,0.68,0.6,0.6,0.56,0.56,0.6,0.64,0.64,0.6,0.72,0.6,0.72,0.56,0.56,0.76,0.68,0.56,0.6,0.56,0.48,0.72,0.72,0.52,0.56,0.56,0.64,0.56,0.56,0.64,0.56,0.6,0.6,0.68,0.6,0.56,0.6,0.6,0.56,0.68,0.6,0.6,0.64,0.6,0.56,0.68,0.6,0.56,0.6,0.68,0.6,0.6,0.68,0.6,0.6,0.6,0.6,0.56,0.72,0.56,0.6,0.68,0.6,0.72,0.64,0.6,0.64,0.64,0.64,0.6,0.6,0.76,0.6,0.76,0.6,0.6,0.6,0.64,0.72,0.6,0.6,0.56,0.6,0.64,0.64,0.64,0.68,0.6,0.48,0.64,0.6,0.6,0.52,0.68,0.6,0.6,0.6,0.76,0.6,0.56,0.56,0.68,0.6,0.56,0.6,0.6,0.6,0.6,0.68,0.64,0.6,0.6,0.56,0.6,0.64,0.6,0.68,0.56,0.72,0.56,0.6,0.76,0.56,0.52,0.6,0.64,0.68,0.6,0.56,0.56,0.68,0.6,0.56,0.72,0.56,0.56,0.6,0.68,0.64,0.6,0.56,0.64,0.64,0.64,0.6,0.56,0.56,0.56,0.48,0.72,0.64,0.6,0.56,0.76,0.56,0.56,0.64,0.76,0.68,0.56,0.8,0.56,0.68,0.6,0.56,0.64,0.64,0.56,0.64,0.56,0.56,0.68,0.56,0.76,0.56,0.6,0.68,0.56,0.6,0.56,0.56,0.64,0.56,0.64,0.6,0.6,0.56,0.56,
EPOCH: 22, Best: 0.8, MEAN FITNESS: 0.627799
SUM FITNESS: 125.56, SUM FITNESS*100: 12556
0.56,0.72,0.6,0.76,0.6,0.64,0.6,0.6,0.56,0.68,0.72,0.6,0.6,0.56,0.6,0.6,0.6,0.76,0.52,0.64,0.56,0.72,0.56,0.56,0.68,0.6,0.72,0.64,0.64,0.8,0.64,0.6,0.68,0.6,0.76,0.56,0.6,0.6,0.6,0.64,0.64,0.64,0.72,0.6,0.76,0.56,0.68,0.68,0.64,0.68,0.56,0.6,0.56,0.6,0.56,0.6,0.76,0.6,0.68,0.68,0.56,0.56,0.68,0.76,0.56,0.8,0.6,0.6,0.68,0.68,0.68,0.68,0.64,0.6,0.76,0.72,0.68,0.56,0.56,0.6,0.6,0.68,0.64,0.64,0.56,0.6,0.6,0.56,0.72,0.6,0.56,0.68,0.76,0.6,0.72,0.72,0.56,0.56,0.52,0.64,0.68,0.64,0.68,0.56,0.72,0.6,0.56,0.6,0.56,0.6,0.6,0.68,0.68,0.68,0.64,0.72,0.68,0.6,0.56,0.76,0.56,0.6,0.64,0.6,0.64,0.68,0.72,0.6,0.48,0.6,0.56,0.6,0.56,0.68,0.56,0.6,0.68,0.6,0.68,0.68,0.68,0.56,0.56,0.6,0.56,0.68,0.6,0.6,0.72,0.6,0.56,0.6,0.56,0.72,0.6,0.64,0.6,0.72,0.64,0.56,0.64,0.52,0.56,0.64,0.6,0.56,0.6,0.56,0.6,0.6,0.6,0.64,0.8,0.64,0.56,0.56,0.64,0.68,0.64,0.56,0.56,0.76,0.52,0.68,0.64,0.64,0.6,0.56,0.8,0.6,0.68,0.6,0.64,0.56,0.6,0.56,0.56,0.56,0.6,0.6,
EPOCH: 23, Best: 0.8, MEAN FITNESS: 0.6352
SUM FITNESS: 127.04, SUM FITNESS*100: 12704
0.6,0.64,0.64,0.68,0.76,0.6,0.68,0.72,0.56,0.68,0.64,0.68,0.64,0.6,0.56,0.6,0.6,0.64,0.68,0.64,0.6,0.64,0.68,0.56,0.52,0.68,0.6,0.76,0.56,0.8,0.52,0.56,0.6,0.6,0.56,0.68,0.6,0.72,0.68,0.6,0.64,0.6,0.8,0.56,0.6,0.6,0.64,0.72,0.64,0.6,0.68,0.52,0.6,0.68,0.68,0.6,0.68,0.6,0.64,0.6,0.6,0.64,0.68,0.56,0.64,0.64,0.52,0.76,0.56,0.64,0.64,0.6,0.6,0.72,0.64,0.68,0.6,0.68,0.6,0.6,0.6,0.72,0.6,0.72,0.56,0.68,0.64,0.64,0.68,0.64,0.76,0.64,0.68,0.64,0.6,0.6,0.68,0.56,0.68,0.56,0.76,0.6,0.6,0.68,0.76,0.6,0.6,0.6,0.64,0.56,0.56,0.52,0.64,0.6,0.56,0.64,0.56,0.64,0.6,0.64,0.76,0.64,0.68,0.68,0.76,0.64,0.68,0.52,0.6,0.68,0.6,0.6,0.56,0.68,0.52,0.6,0.76,0.64,0.56,0.6,0.68,0.6,0.68,0.56,0.72,0.72,0.8,0.6,0.56,0.68,0.76,0.64,0.6,0.6,0.76,0.64,0.52,0.76,0.68,0.6,0.68,0.64,0.6,0.6,0.6,0.64,0.68,0.68,0.56,0.64,0.56,0.76,0.64,0.56,0.56,0.6,0.64,0.56,0.56,0.72,0.6,0.76,0.64,0.6,0.68,0.6,0.56,0.6,0.72,0.6,0.6,0.64,0.72,0.6,0.6,0.8,0.56,0.64,0.68,0.56,
EPOCH: 24, Best: 0.8, MEAN FITNESS: 0.642999
SUM FITNESS: 128.6, SUM FITNESS*100: 12860
0.64,0.6,0.8,0.64,0.6,0.8,0.68,0.6,0.56,0.64,0.64,0.68,0.76,0.6,0.76,0.6,0.8,0.56,0.6,0.76,0.6,0.64,0.6,0.68,0.76,0.56,0.76,0.6,0.76,0.8,0.64,0.64,0.64,0.56,0.56,0.64,0.6,0.64,0.6,0.6,0.72,0.64,0.6,0.6,0.8,0.72,0.64,0.64,0.68,0.56,0.64,0.6,0.64,0.68,0.6,0.64,0.76,0.76,0.56,0.6,0.64,0.64,0.72,0.56,0.76,0.56,0.6,0.68,0.68,0.6,0.68,0.64,0.68,0.8,0.64,0.6,0.64,0.64,0.6,0.52,0.68,0.52,0.52,0.68,0.68,0.68,0.56,0.72,0.76,0.64,0.68,0.8,0.64,0.6,0.64,0.68,0.76,0.6,0.72,0.6,0.76,0.76,0.6,0.64,0.56,0.56,0.76,0.68,0.64,0.72,0.6,0.56,0.6,0.64,0.52,0.64,0.76,0.6,0.64,0.64,0.76,0.64,0.56,0.72,0.56,0.68,0.72,0.72,0.56,0.64,0.8,0.6,0.68,0.64,0.6,0.6,0.68,0.64,0.64,0.52,0.68,0.56,0.68,0.56,0.56,0.76,0.72,0.68,0.72,0.6,0.52,0.64,0.76,0.68,0.6,0.6,0.68,0.8,0.6,0.6,0.68,0.64,0.52,0.6,0.64,0.56,0.64,0.52,0.56,0.68,0.6,0.6,0.68,0.56,0.56,0.6,0.64,0.68,0.56,0.52,0.64,0.56,0.6,0.68,0.6,0.64,0.6,0.56,0.6,0.64,0.64,0.64,0.64,0.64,0.6,0.6,0.68,0.56,0.64,0.64,
EPOCH: 25, Best: 0.84, MEAN FITNESS: 0.6486
SUM FITNESS: 129.72, SUM FITNESS*100: 12972
0.6,0.68,0.8,0.56,0.6,0.68,0.6,0.72,0.56,0.68,0.52,0.72,0.76,0.6,0.56,0.64,0.6,0.64,0.6,0.64,0.76,0.68,0.76,0.76,0.64,0.72,0.52,0.56,0.6,0.68,0.64,0.6,0.64,0.6,0.64,0.8,0.76,0.56,0.64,0.72,0.64,0.64,0.68,0.68,0.64,0.6,0.6,0.68,0.68,0.76,0.56,0.68,0.72,0.72,0.68,0.68,0.64,0.6,0.68,0.6,0.56,0.68,0.6,0.6,0.72,0.64,0.76,0.6,0.68,0.72,0.64,0.52,0.72,0.64,0.64,0.64,0.76,0.56,0.64,0.6,0.56,0.64,0.64,0.6,0.72,0.72,0.68,0.72,0.72,0.6,0.56,0.64,0.72,0.6,0.68,0.6,0.6,0.6,0.56,0.68,0.6,0.8,0.6,0.52,0.6,0.76,0.68,0.68,0.76,0.6,0.56,0.68,0.72,0.6,0.56,0.6,0.64,0.72,0.64,0.6,0.6,0.64,0.64,0.68,0.72,0.6,0.6,0.6,0.76,0.6,0.64,0.64,0.64,0.64,0.76,0.8,0.68,0.64,0.52,0.64,0.56,0.6,0.68,0.68,0.56,0.56,0.76,0.6,0.68,0.6,0.64,0.72,0.64,0.6,0.68,0.76,0.56,0.8,0.6,0.6,0.64,0.64,0.64,0.56,0.68,0.64,0.72,0.64,0.6,0.64,0.56,0.64,0.68,0.68,0.56,0.56,0.56,0.76,0.76,0.64,0.52,0.84,0.72,0.68,0.64,0.56,0.6,0.68,0.8,0.72,0.6,0.68,0.56,0.68,0.56,0.76,0.68,0.56,0.68,0.6,
EPOCH: 26, Best: 0.84, MEAN FITNESS: 0.6504
SUM FITNESS: 130.08, SUM FITNESS*100: 13008
0.64,0.72,0.72,0.64,0.6,0.8,0.64,0.6,0.64,0.6,0.72,0.64,0.64,0.64,0.68,0.68,0.68,0.72,0.76,0.64,0.56,0.72,0.64,0.56,0.68,0.76,0.68,0.68,0.64,0.6,0.64,0.68,0.6,0.56,0.76,0.6,0.6,0.6,0.64,0.64,0.64,0.68,0.64,0.64,0.68,0.6,0.56,0.68,0.72,0.6,0.56,0.68,0.64,0.68,0.68,0.64,0.6,0.64,0.64,0.68,0.6,0.52,0.72,0.56,0.64,0.72,0.64,0.6,0.8,0.56,0.56,0.64,0.6,0.64,0.8,0.64,0.72,0.68,0.64,0.68,0.64,0.6,0.56,0.64,0.68,0.56,0.76,0.56,0.64,0.6,0.6,0.72,0.64,0.52,0.56,0.72,0.68,0.72,0.64,0.52,0.6,0.64,0.72,0.6,0.72,0.68,0.64,0.68,0.64,0.56,0.68,0.6,0.72,0.56,0.6,0.68,0.6,0.64,0.64,0.72,0.68,0.6,0.64,0.64,0.6,0.64,0.64,0.6,0.76,0.64,0.72,0.56,0.6,0.72,0.6,0.56,0.64,0.76,0.6,0.76,0.72,0.68,0.68,0.6,0.64,0.64,0.68,0.64,0.76,0.68,0.76,0.8,0.68,0.64,0.64,0.56,0.68,0.6,0.6,0.72,0.68,0.68,0.56,0.72,0.76,0.6,0.6,0.64,0.64,0.68,0.56,0.64,0.64,0.56,0.72,0.76,0.6,0.68,0.56,0.6,0.76,0.84,0.64,0.68,0.6,0.6,0.6,0.68,0.68,0.76,0.76,0.56,0.68,0.64,0.64,0.68,0.68,0.6,0.6,0.6,
EPOCH: 27, Best: 0.84, MEAN FITNESS: 0.6652
SUM FITNESS: 133.04, SUM FITNESS*100: 13304
0.64,0.72,0.8,0.68,0.68,0.72,0.72,0.72,0.56,0.72,0.6,0.6,0.72,0.64,0.68,0.6,0.64,0.6,0.6,0.56,0.72,0.68,0.68,0.72,0.68,0.72,0.76,0.6,0.72,0.6,0.68,0.64,0.68,0.64,0.76,0.6,0.64,0.72,0.72,0.76,0.56,0.68,0.76,0.68,0.64,0.72,0.76,0.64,0.76,0.56,0.68,0.68,0.6,0.68,0.64,0.64,0.64,0.68,0.6,0.64,0.64,0.6,0.72,0.6,0.64,0.72,0.52,0.72,0.6,0.68,0.76,0.68,0.68,0.72,0.6,0.8,0.76,0.6,0.68,0.72,0.72,0.56,0.6,0.64,0.68,0.68,0.56,0.6,0.6,0.72,0.72,0.6,0.64,0.68,0.72,0.6,0.64,0.72,0.68,0.6,0.76,0.64,0.84,0.6,0.64,0.68,0.6,0.72,0.64,0.68,0.64,0.68,0.64,0.68,0.64,0.64,0.72,0.72,0.64,0.68,0.64,0.64,0.68,0.56,0.64,0.68,0.76,0.68,0.64,0.64,0.84,0.6,0.6,0.72,0.64,0.64,0.72,0.64,0.68,0.6,0.68,0.72,0.56,0.84,0.52,0.64,0.64,0.56,0.72,0.56,0.64,0.72,0.6,0.68,0.56,0.64,0.6,0.6,0.64,0.76,0.6,0.64,0.56,0.64,0.76,0.68,0.8,0.68,0.6,0.68,0.68,0.64,0.64,0.6,0.76,0.64,0.64,0.52,0.64,0.72,0.6,0.84,0.76,0.6,0.64,0.64,0.68,0.68,0.76,0.64,0.72,0.76,0.72,0.76,0.64,0.64,0.76,0.68,0.64,0.6,
EPOCH: 28, Best: 0.84, MEAN FITNESS: 0.6774
SUM FITNESS: 135.48, SUM FITNESS*100: 13548
0.6,0.72,0.72,0.6,0.6,0.56,0.72,0.6,0.68,0.76,0.64,0.76,0.6,0.76,0.64,0.68,0.72,0.72,0.6,0.72,0.76,0.64,0.76,0.64,0.68,0.68,0.6,0.68,0.76,0.76,0.64,0.72,0.72,0.68,0.72,0.6,0.72,0.76,0.72,0.6,0.64,0.68,0.68,0.68,0.6,0.64,0.6,0.68,0.68,0.64,0.76,0.72,0.68,0.72,0.52,0.68,0.72,0.84,0.72,0.68,0.68,0.6,0.6,0.64,0.64,0.6,0.68,0.76,0.68,0.64,0.68,0.68,0.6,0.68,0.76,0.72,0.64,0.56,0.68,0.64,0.68,0.6,0.64,0.6,0.68,0.72,0.68,0.64,0.68,0.64,0.72,0.6,0.64,0.72,0.76,0.76,0.72,0.6,0.76,0.68,0.64,0.72,0.84,0.68,0.76,0.72,0.72,0.72,0.6,0.68,0.64,0.72,0.6,0.72,0.72,0.6,0.6,0.64,0.64,0.68,0.6,0.72,0.68,0.64,0.72,0.68,0.68,0.68,0.64,0.64,0.84,0.72,0.72,0.68,0.52,0.6,0.76,0.6,0.72,0.64,0.64,0.68,0.64,0.72,0.84,0.76,0.72,0.64,0.68,0.64,0.68,0.68,0.68,0.72,0.68,0.8,0.6,0.64,0.68,0.6,0.64,0.8,0.56,0.64,0.68,0.6,0.72,0.76,0.72,0.72,0.64,0.6,0.64,0.84,0.56,0.72,0.6,0.64,0.64,0.68,0.68,0.56,0.6,0.64,0.8,0.72,0.84,0.6,0.64,0.6,0.68,0.6,0.8,0.76,0.76,0.72,0.72,0.56,0.72,0.76,
EPOCH: 29, Best: 0.84, MEAN FITNESS: 0.6764
SUM FITNESS: 135.28, SUM FITNESS*100: 13528
0.68,0.6,0.64,0.72,0.68,0.72,0.72,0.8,0.56,0.56,0.84,0.6,0.76,0.72,0.72,0.6,0.68,0.6,0.68,0.6,0.76,0.64,0.68,0.6,0.72,0.68,0.6,0.76,0.64,0.76,0.68,0.72,0.64,0.68,0.68,0.72,0.64,0.6,0.64,0.64,0.72,0.64,0.64,0.6,0.6,0.84,0.6,0.64,0.68,0.68,0.76,0.72,0.76,0.72,0.6,0.64,0.72,0.84,0.68,0.6,0.72,0.68,0.64,0.72,0.68,0.72,0.76,0.72,0.64,0.6,0.8,0.72,0.68,0.6,0.72,0.76,0.64,0.64,0.76,0.6,0.68,0.72,0.68,0.6,0.72,0.64,0.72,0.6,0.6,0.68,0.68,0.76,0.6,0.68,0.72,0.64,0.8,0.68,0.64,0.64,0.76,0.64,0.56,0.6,0.64,0.76,0.8,0.76,0.64,0.76,0.72,0.6,0.6,0.72,0.68,0.72,0.6,0.68,0.64,0.68,0.68,0.64,0.84,0.68,0.6,0.64,0.76,0.64,0.68,0.64,0.6,0.68,0.64,0.64,0.64,0.6,0.6,0.68,0.64,0.76,0.6,0.76,0.72,0.56,0.64,0.8,0.6,0.68,0.76,0.72,0.68,0.56,0.76,0.68,0.68,0.64,0.68,0.76,0.6,0.6,0.72,0.64,0.76,0.68,0.68,0.6,0.6,0.64,0.6,0.68,0.64,0.72,0.56,0.72,0.64,0.68,0.68,0.68,0.72,0.72,0.64,0.6,0.68,0.72,0.72,0.64,0.68,0.72,0.72,0.68,0.64,0.6,0.72,0.72,0.64,0.76,0.64,0.68,0.72,0.76,
EPOCH: 30, Best: 0.84, MEAN FITNESS: 0.6808
SUM FITNESS: 136.16, SUM FITNESS*100: 13616
0.72,0.72,0.68,0.64,0.6,0.64,0.76,0.68,0.64,0.56,0.84,0.68,0.6,0.72,0.64,0.8,0.6,0.6,0.64,0.64,0.72,0.8,0.6,0.72,0.72,0.6,0.6,0.72,0.68,0.68,0.68,0.68,0.64,0.68,0.64,0.68,0.68,0.68,0.72,0.64,0.6,0.84,0.72,0.64,0.56,0.72,0.76,0.72,0.84,0.68,0.56,0.72,0.68,0.6,0.64,0.68,0.6,0.64,0.64,0.68,0.64,0.68,0.64,0.8,0.56,0.68,0.8,0.64,0.64,0.6,0.72,0.72,0.72,0.68,0.72,0.72,0.68,0.64,0.6,0.68,0.6,0.8,0.72,0.68,0.68,0.72,0.68,0.68,0.64,0.76,0.68,0.76,0.6,0.68,0.68,0.64,0.6,0.76,0.72,0.68,0.84,0.68,0.64,0.64,0.6,0.68,0.64,0.68,0.68,0.6,0.64,0.68,0.72,0.68,0.68,0.6,0.76,0.72,0.64,0.68,0.64,0.68,0.72,0.72,0.64,0.64,0.72,0.76,0.6,0.72,0.64,0.68,0.64,0.76,0.64,0.64,0.68,0.84,0.68,0.76,0.72,0.64,0.68,0.72,0.64,0.68,0.56,0.6,0.64,0.6,0.64,0.68,0.8,0.72,0.64,0.6,0.8,0.72,0.76,0.68,0.68,0.68,0.68,0.68,0.76,0.72,0.72,0.76,0.68,0.72,0.76,0.72,0.6,0.6,0.72,0.6,0.68,0.64,0.64,0.64,0.72,0.72,0.68,0.76,0.6,0.68,0.64,0.68,0.68,0.84,0.72,0.64,0.56,0.6,0.72,0.8,0.76,0.68,0.68,0.72,
EPOCH: 31, Best: 0.84, MEAN FITNESS: 0.684
SUM FITNESS: 136.8, SUM FITNESS*100: 13680
0.64,0.68,0.64,0.64,0.84,0.64,0.68,0.68,0.68,0.68,0.84,0.72,0.76,0.64,0.6,0.68,0.64,0.6,0.72,0.76,0.72,0.68,0.64,0.76,0.6,0.84,0.72,0.68,0.76,0.6,0.68,0.64,0.68,0.6,0.72,0.72,0.68,0.72,0.6,0.64,0.64,0.72,0.72,0.68,0.64,0.68,0.64,0.68,0.68,0.76,0.72,0.72,0.72,0.64,0.6,0.56,0.64,0.68,0.6,0.72,0.64,0.64,0.76,0.76,0.64,0.64,0.64,0.68,0.64,0.64,0.64,0.68,0.76,0.68,0.8,0.72,0.64,0.64,0.6,0.72,0.76,0.68,0.76,0.68,0.72,0.72,0.68,0.72,0.6,0.68,0.84,0.76,0.64,0.72,0.76,0.64,0.76,0.64,0.68,0.76,0.72,0.72,0.68,0.64,0.68,0.6,0.68,0.68,0.8,0.8,0.64,0.6,0.76,0.72,0.72,0.68,0.72,0.64,0.64,0.6,0.64,0.64,0.84,0.72,0.8,0.68,0.68,0.68,0.56,0.64,0.68,0.8,0.8,0.6,0.56,0.68,0.6,0.8,0.6,0.6,0.72,0.76,0.68,0.6,0.64,0.76,0.6,0.64,0.6,0.68,0.68,0.64,0.8,0.64,0.68,0.84,0.68,0.6,0.64,0.6,0.72,0.76,0.68,0.68,0.6,0.76,0.68,0.72,0.68,0.72,0.64,0.68,0.72,0.72,0.64,0.72,0.68,0.68,0.6,0.8,0.64,0.6,0.72,0.6,0.6,0.64,0.72,0.64,0.72,0.64,0.72,0.68,0.8,0.72,0.68,0.8,0.68,0.64,0.6,0.64,
EPOCH: 32, Best: 0.88, MEAN FITNESS: 0.6924
SUM FITNESS: 138.48, SUM FITNESS*100: 13848
0.76,0.76,0.64,0.84,0.84,0.72,0.64,0.68,0.64,0.68,0.8,0.72,0.64,0.76,0.68,0.64,0.68,0.68,0.64,0.6,0.84,0.72,0.6,0.68,0.76,0.64,0.64,0.68,0.76,0.76,0.76,0.72,0.6,0.6,0.64,0.68,0.76,0.68,0.72,0.6,0.68,0.72,0.68,0.72,0.72,0.6,0.76,0.76,0.72,0.6,0.68,0.68,0.72,0.68,0.6,0.68,0.76,0.72,0.68,0.68,0.64,0.64,0.72,0.68,0.72,0.68,0.6,0.6,0.76,0.64,0.6,0.64,0.68,0.6,0.64,0.72,0.6,0.64,0.68,0.68,0.64,0.8,0.68,0.64,0.76,0.72,0.64,0.8,0.72,0.76,0.68,0.68,0.68,0.64,0.64,0.64,0.76,0.68,0.68,0.64,0.64,0.68,0.8,0.68,0.68,0.72,0.64,0.68,0.64,0.64,0.68,0.8,0.64,0.76,0.68,0.72,0.64,0.68,0.64,0.64,0.6,0.6,0.68,0.72,0.8,0.72,0.56,0.72,0.6,0.56,0.64,0.72,0.8,0.64,0.8,0.72,0.72,0.76,0.68,0.64,0.76,0.68,0.72,0.8,0.72,0.64,0.76,0.8,0.6,0.64,0.72,0.76,0.72,0.72,0.68,0.6,0.76,0.6,0.68,0.84,0.64,0.68,0.68,0.6,0.64,0.6,0.76,0.72,0.6,0.72,0.76,0.64,0.72,0.72,0.76,0.76,0.76,0.6,0.72,0.68,0.72,0.72,0.72,0.68,0.64,0.72,0.84,0.76,0.88,0.64,0.68,0.76,0.72,0.6,0.8,0.64,0.76,0.76,0.64,0.72,
EPOCH: 33, Best: 0.88, MEAN FITNESS: 0.6948
SUM FITNESS: 138.96, SUM FITNESS*100: 13896
0.72,0.76,0.72,0.72,0.64,0.68,0.6,0.76,0.68,0.68,0.8,0.64,0.72,0.6,0.56,0.72,0.64,0.72,0.8,0.84,0.64,0.68,0.64,0.64,0.64,0.8,0.72,0.68,0.68,0.76,0.8,0.64,0.64,0.76,0.76,0.6,0.6,0.72,0.8,0.64,0.68,0.72,0.76,0.6,0.68,0.68,0.84,0.8,0.72,0.6,0.68,0.72,0.68,0.68,0.72,0.68,0.72,0.72,0.72,0.8,0.64,0.76,0.88,0.72,0.68,0.64,0.72,0.68,0.68,0.68,0.6,0.72,0.68,0.76,0.72,0.72,0.84,0.72,0.6,0.72,0.64,0.6,0.6,0.72,0.64,0.8,0.72,0.64,0.68,0.64,0.72,0.64,0.72,0.68,0.64,0.68,0.72,0.72,0.6,0.64,0.68,0.64,0.72,0.64,0.68,0.64,0.68,0.68,0.64,0.68,0.76,0.64,0.72,0.64,0.72,0.68,0.8,0.64,0.64,0.8,0.6,0.64,0.64,0.68,0.68,0.72,0.76,0.76,0.68,0.72,0.72,0.64,0.68,0.64,0.8,0.68,0.68,0.68,0.76,0.64,0.76,0.68,0.72,0.72,0.72,0.6,0.84,0.56,0.64,0.68,0.72,0.64,0.64,0.72,0.76,0.6,0.76,0.8,0.72,0.72,0.68,0.68,0.72,0.68,0.68,0.6,0.64,0.6,0.76,0.72,0.64,0.68,0.64,0.8,0.68,0.68,0.68,0.64,0.76,0.68,0.72,0.68,0.56,0.6,0.76,0.72,0.68,0.76,0.88,0.6,0.64,0.68,0.72,0.84,0.68,0.68,0.68,0.84,0.76,0.68,
EPOCH: 34, Best: 0.88, MEAN FITNESS: 0.7028
SUM FITNESS: 140.56, SUM FITNESS*100: 14056
0.76,0.64,0.76,0.76,0.72,0.68,0.68,0.64,0.8,0.76,0.64,0.76,0.56,0.84,0.8,0.64,0.68,0.72,0.84,0.64,0.68,0.72,0.64,0.64,0.72,0.72,0.76,0.76,0.64,0.72,0.64,0.64,0.68,0.72,0.72,0.72,0.68,0.64,0.76,0.68,0.8,0.64,0.84,0.6,0.88,0.76,0.72,0.72,0.64,0.64,0.72,0.6,0.72,0.64,0.72,0.68,0.72,0.68,0.72,0.56,0.68,0.84,0.88,0.64,0.68,0.72,0.76,0.68,0.68,0.72,0.68,0.72,0.76,0.6,0.68,0.68,0.68,0.64,0.76,0.64,0.64,0.68,0.84,0.72,0.68,0.72,0.72,0.64,0.68,0.72,0.72,0.64,0.64,0.72,0.76,0.64,0.76,0.72,0.68,0.64,0.64,0.64,0.6,0.68,0.6,0.64,0.8,0.84,0.72,0.8,0.76,0.56,0.6,0.68,0.56,0.68,0.72,0.76,0.8,0.84,0.84,0.72,0.68,0.68,0.68,0.84,0.68,0.68,0.76,0.68,0.72,0.64,0.8,0.64,0.72,0.64,0.68,0.76,0.64,0.68,0.76,0.72,0.76,0.68,0.68,0.8,0.6,0.64,0.68,0.64,0.68,0.64,0.76,0.64,0.72,0.84,0.68,0.64,0.6,0.64,0.64,0.72,0.72,0.68,0.8,0.84,0.68,0.76,0.68,0.72,0.64,0.72,0.6,0.6,0.6,0.72,0.68,0.76,0.64,0.76,0.68,0.68,0.6,0.76,0.6,0.8,0.84,0.72,0.8,0.72,0.64,0.72,0.72,0.88,0.68,0.76,0.72,0.68,0.76,0.68,
EPOCH: 35, Best: 0.92, MEAN FITNESS: 0.7092
SUM FITNESS: 141.84, SUM FITNESS*100: 14184
0.64,0.68,0.8,0.6,0.72,0.68,0.68,0.72,0.76,0.68,0.68,0.68,0.72,0.72,0.76,0.6,0.8,0.84,0.64,0.64,0.8,0.8,0.64,0.72,0.88,0.84,0.68,0.6,0.68,0.76,0.76,0.68,0.8,0.84,0.6,0.68,0.76,0.76,0.56,0.64,0.76,0.64,0.64,0.64,0.88,0.72,0.56,0.68,0.84,0.72,0.8,0.76,0.64,0.64,0.76,0.72,0.84,0.72,0.6,0.64,0.8,0.72,0.6,0.76,0.64,0.68,0.72,0.64,0.72,0.64,0.64,0.68,0.8,0.72,0.76,0.68,0.56,0.76,0.76,0.76,0.56,0.76,0.76,0.72,0.68,0.64,0.72,0.68,0.64,0.76,0.72,0.76,0.64,0.76,0.76,0.68,0.68,0.64,0.72,0.72,0.84,0.68,0.84,0.72,0.8,0.64,0.88,0.76,0.64,0.72,0.76,0.68,0.72,0.76,0.72,0.68,0.76,0.8,0.76,0.68,0.6,0.68,0.64,0.68,0.68,0.8,0.68,0.68,0.68,0.84,0.72,0.72,0.64,0.64,0.72,0.72,0.68,0.68,0.64,0.68,0.68,0.64,0.6,0.68,0.64,0.64,0.76,0.72,0.64,0.72,0.6,0.84,0.8,0.68,0.68,0.84,0.6,0.64,0.8,0.6,0.76,0.72,0.68,0.64,0.68,0.76,0.64,0.8,0.68,0.64,0.76,0.56,0.72,0.72,0.68,0.76,0.72,0.72,0.68,0.68,0.64,0.72,0.64,0.76,0.8,0.68,0.72,0.68,0.76,0.84,0.84,0.6,0.6,0.72,0.64,0.72,0.88,0.72,0.76,0.92,
EPOCH: 36, Best: 0.92, MEAN FITNESS: 0.7118
SUM FITNESS: 142.36, SUM FITNESS*100: 14236
0.72,0.72,0.72,0.72,0.72,0.64,0.76,0.76,0.68,0.68,0.8,0.64,0.64,0.68,0.68,0.72,0.76,0.6,0.64,0.68,0.72,0.68,0.72,0.72,0.8,0.68,0.68,0.84,0.72,0.76,0.68,0.64,0.72,0.68,0.84,0.72,0.68,0.6,0.72,0.68,0.68,0.68,0.72,0.68,0.72,0.72,0.88,0.6,0.8,0.64,0.72,0.68,0.72,0.68,0.68,0.76,0.88,0.76,0.76,0.76,0.68,0.76,0.6,0.64,0.8,0.68,0.76,0.56,0.72,0.76,0.68,0.68,0.76,0.68,0.76,0.64,0.72,0.88,0.88,0.64,0.84,0.64,0.68,0.6,0.68,0.68,0.68,0.68,0.6,0.68,0.8,0.68,0.72,0.72,0.68,0.72,0.68,0.68,0.64,0.84,0.8,0.72,0.72,0.68,0.76,0.64,0.84,0.68,0.8,0.6,0.68,0.64,0.72,0.68,0.68,0.68,0.68,0.84,0.56,0.8,0.64,0.8,0.6,0.68,0.72,0.72,0.64,0.64,0.68,0.76,0.64,0.88,0.72,0.68,0.8,0.6,0.56,0.76,0.8,0.88,0.72,0.72,0.76,0.76,0.8,0.68,0.72,0.56,0.68,0.8,0.68,0.84,0.72,0.68,0.68,0.68,0.76,0.64,0.64,0.72,0.8,0.76,0.88,0.72,0.72,0.68,0.76,0.72,0.76,0.72,0.64,0.8,0.68,0.68,0.68,0.6,0.72,0.6,0.72,0.72,0.64,0.64,0.76,0.6,0.72,0.6,0.68,0.64,0.84,0.6,0.84,0.72,0.68,0.72,0.68,0.72,0.8,0.76,0.84,0.92,
EPOCH: 37, Best: 0.92, MEAN FITNESS: 0.7116
SUM FITNESS: 142.32, SUM FITNESS*100: 14232
0.72,0.68,0.68,0.72,0.72,0.64,0.72,0.8,0.68,0.8,0.72,0.6,0.72,0.76,0.72,0.68,0.68,0.64,0.68,0.72,0.68,0.56,0.68,0.6,0.72,0.64,0.68,0.64,0.68,0.84,0.76,0.72,0.72,0.68,0.68,0.8,0.68,0.68,0.6,0.72,0.72,0.56,0.6,0.64,0.72,0.68,0.6,0.76,0.8,0.72,0.76,0.8,0.68,0.72,0.76,0.76,0.64,0.76,0.68,0.64,0.64,0.72,0.56,0.68,0.8,0.8,0.72,0.72,0.8,0.68,0.76,0.76,0.72,0.64,0.68,0.64,0.56,0.68,0.76,0.68,0.68,0.68,0.84,0.8,0.72,0.76,0.64,0.68,0.76,0.72,0.72,0.68,0.72,0.72,0.64,0.64,0.56,0.72,0.72,0.72,0.76,0.72,0.76,0.64,0.8,0.68,0.56,0.64,0.68,0.68,0.84,0.68,0.72,0.76,0.72,0.68,0.64,0.68,0.8,0.76,0.64,0.68,0.68,0.72,0.8,0.72,0.8,0.64,0.8,0.64,0.76,0.64,0.72,0.76,0.6,0.88,0.68,0.72,0.72,0.72,0.72,0.68,0.8,0.8,0.64,0.72,0.76,0.76,0.76,0.68,0.72,0.64,0.68,0.76,0.64,0.72,0.84,0.64,0.8,0.8,0.64,0.6,0.84,0.84,0.8,0.64,0.84,0.68,0.72,0.8,0.64,0.6,0.72,0.72,0.8,0.8,0.76,0.72,0.72,0.76,0.76,0.8,0.6,0.8,0.64,0.68,0.68,0.64,0.72,0.8,0.6,0.76,0.84,0.76,0.72,0.8,0.64,0.72,0.76,0.92,
EPOCH: 38, Best: 0.92, MEAN FITNESS: 0.7278
SUM FITNESS: 145.56, SUM FITNESS*100: 14556
0.68,0.72,0.64,0.68,0.8,0.76,0.72,0.68,0.84,0.84,0.6,0.88,0.68,0.8,0.8,0.76,0.76,0.76,0.68,0.72,0.76,0.76,0.68,0.84,0.8,0.76,0.68,0.64,0.68,0.8,0.76,0.72,0.84,0.64,0.8,0.72,0.72,0.76,0.76,0.76,0.76,0.64,0.68,0.6,0.76,0.68,0.68,0.76,0.84,0.64,0.68,0.72,0.6,0.76,0.72,0.72,0.64,0.8,0.76,0.64,0.76,0.76,0.8,0.76,0.76,0.72,0.76,0.8,0.72,0.76,0.76,0.84,0.76,0.76,0.8,0.72,0.68,0.76,0.8,0.76,0.8,0.76,0.76,0.72,0.72,0.68,0.68,0.72,0.56,0.8,0.76,0.76,0.68,0.84,0.64,0.8,0.8,0.72,0.72,0.68,0.68,0.84,0.72,0.72,0.72,0.6,0.68,0.76,0.76,0.68,0.76,0.72,0.76,0.6,0.76,0.68,0.72,0.8,0.68,0.68,0.72,0.68,0.76,0.76,0.84,0.8,0.72,0.72,0.76,0.8,0.64,0.68,0.72,0.68,0.72,0.64,0.84,0.64,0.64,0.84,0.76,0.64,0.72,0.72,0.72,0.84,0.68,0.72,0.76,0.76,0.64,0.76,0.72,0.6,0.8,0.64,0.64,0.68,0.8,0.64,0.68,0.68,0.72,0.72,0.8,0.76,0.76,0.72,0.6,0.68,0.72,0.68,0.84,0.8,0.72,0.76,0.68,0.72,0.8,0.64,0.88,0.8,0.72,0.72,0.68,0.68,0.72,0.72,0.6,0.76,0.72,0.56,0.8,0.64,0.72,0.68,0.64,0.68,0.68,0.92,
EPOCH: 39, Best: 0.92, MEAN FITNESS: 0.742
SUM FITNESS: 148.4, SUM FITNESS*100: 14840
0.72,0.72,0.72,0.8,0.68,0.8,0.72,0.72,0.8,0.6,0.64,0.76,0.72,0.76,0.68,0.84,0.68,0.76,0.8,0.84,0.64,0.84,0.72,0.68,0.8,0.76,0.8,0.76,0.8,0.76,0.76,0.8,0.8,0.8,0.72,0.8,0.68,0.64,0.72,0.68,0.76,0.64,0.8,0.84,0.72,0.84,0.76,0.64,0.72,0.8,0.72,0.84,0.76,0.68,0.64,0.72,0.72,0.8,0.64,0.72,0.68,0.72,0.84,0.64,0.8,0.8,0.68,0.88,0.68,0.8,0.76,0.56,0.68,0.72,0.76,0.72,0.72,0.68,0.76,0.68,0.8,0.84,0.76,0.64,0.8,0.72,0.68,0.8,0.76,0.64,0.72,0.64,0.76,0.76,0.72,0.76,0.76,0.76,0.64,0.76,0.68,0.8,0.8,0.72,0.68,0.8,0.72,0.76,0.72,0.72,0.8,0.76,0.64,0.72,0.72,0.76,0.8,0.76,0.68,0.76,0.68,0.72,0.68,0.64,0.68,0.84,0.72,0.72,0.6,0.72,0.76,0.68,0.76,0.72,0.68,0.64,0.76,0.76,0.76,0.8,0.88,0.76,0.84,0.76,0.64,0.84,0.8,0.64,0.72,0.68,0.72,0.8,0.76,0.76,0.68,0.72,0.76,0.76,0.76,0.76,0.72,0.72,0.76,0.76,0.64,0.76,0.8,0.72,0.84,0.72,0.68,0.72,0.72,0.76,0.8,0.76,0.88,0.92,0.8,0.8,0.76,0.84,0.72,0.84,0.76,0.8,0.68,0.76,0.68,0.72,0.72,0.68,0.8,0.6,0.64,0.8,0.8,0.84,0.84,0.92,
EPOCH: 40, Best: 0.92, MEAN FITNESS: 0.7494
SUM FITNESS: 149.88, SUM FITNESS*100: 14988
0.72,0.68,0.76,0.76,0.68,0.72,0.8,0.76,0.68,0.88,0.76,0.72,0.8,0.84,0.84,0.84,0.68,0.88,0.76,0.8,0.64,0.8,0.88,0.64,0.68,0.72,0.72,0.76,0.68,0.72,0.76,0.76,0.72,0.68,0.76,0.6,0.8,0.64,0.72,0.76,0.68,0.6,0.72,0.72,0.76,0.8,0.72,0.68,0.68,0.68,0.72,0.84,0.76,0.72,0.72,0.76,0.76,0.72,0.72,0.76,0.68,0.8,0.76,0.72,0.76,0.72,0.68,0.68,0.8,0.84,0.72,0.76,0.8,0.84,0.76,0.84,0.76,0.8,0.72,0.76,0.76,0.76,0.76,0.72,0.84,0.8,0.72,0.72,0.8,0.8,0.76,0.92,0.8,0.72,0.84,0.68,0.76,0.8,0.68,0.68,0.8,0.76,0.72,0.68,0.84,0.68,0.76,0.76,0.76,0.8,0.88,0.76,0.64,0.88,0.68,0.64,0.8,0.56,0.76,0.76,0.88,0.64,0.68,0.68,0.72,0.88,0.72,0.76,0.76,0.64,0.8,0.8,0.8,0.72,0.68,0.64,0.76,0.8,0.8,0.68,0.8,0.8,0.76,0.76,0.64,0.76,0.76,0.72,0.72,0.88,0.68,0.92,0.72,0.76,0.68,0.72,0.76,0.8,0.8,0.88,0.76,0.72,0.8,0.64,0.8,0.76,0.72,0.64,0.72,0.76,0.76,0.68,0.8,0.72,0.68,0.72,0.8,0.92,0.8,0.8,0.72,0.8,0.84,0.84,0.8,0.76,0.84,0.84,0.68,0.72,0.6,0.68,0.72,0.68,0.76,0.72,0.72,0.76,0.72,0.76,
EPOCH: 41, Best: 0.92, MEAN FITNESS: 0.7616
SUM FITNESS: 152.32, SUM FITNESS*100: 15232
0.68,0.76,0.8,0.76,0.68,0.76,0.76,0.76,0.72,0.64,0.76,0.8,0.76,0.64,0.84,0.8,0.76,0.8,0.8,0.76,0.76,0.76,0.68,0.68,0.76,0.8,0.72,0.92,0.76,0.76,0.76,0.72,0.88,0.68,0.72,0.92,0.76,0.88,0.64,0.84,0.72,0.84,0.72,0.68,0.76,0.8,0.76,0.76,0.88,0.8,0.68,0.76,0.76,0.76,0.92,0.88,0.76,0.8,0.8,0.76,0.88,0.68,0.84,0.72,0.76,0.76,0.76,0.88,0.76,0.76,0.68,0.68,0.68,0.72,0.76,0.76,0.72,0.76,0.64,0.84,0.72,0.8,0.72,0.76,0.84,0.84,0.68,0.8,0.76,0.6,0.84,0.92,0.64,0.84,0.76,0.8,0.6,0.8,0.6,0.68,0.72,0.72,0.72,0.84,0.84,0.76,0.88,0.68,0.72,0.8,0.8,0.76,0.88,0.76,0.84,0.76,0.8,0.72,0.68,0.68,0.8,0.8,0.68,0.8,0.72,0.88,0.72,0.92,0.72,0.84,0.76,0.88,0.76,0.84,0.76,0.72,0.8,0.72,0.72,0.68,0.76,0.76,0.76,0.76,0.8,0.72,0.8,0.72,0.72,0.84,0.76,0.72,0.76,0.76,0.84,0.76,0.84,0.8,0.84,0.76,0.8,0.68,0.88,0.8,0.76,0.76,0.64,0.84,0.8,0.88,0.72,0.72,0.8,0.68,0.76,0.8,0.76,0.76,0.68,0.76,0.68,0.68,0.72,0.76,0.6,0.76,0.68,0.72,0.64,0.64,0.84,0.8,0.84,0.72,0.72,0.68,0.64,0.8,0.84,0.84,
EPOCH: 42, Best: 0.92, MEAN FITNESS: 0.7768
SUM FITNESS: 155.36, SUM FITNESS*100: 15536
0.76,0.84,0.76,0.72,0.68,0.8,0.8,0.76,0.88,0.64,0.88,0.72,0.8,0.92,0.76,0.88,0.72,0.76,0.88,0.8,0.76,0.68,0.68,0.76,0.88,0.8,0.88,0.92,0.8,0.8,0.68,0.8,0.76,0.8,0.92,0.8,0.72,0.68,0.8,0.72,0.68,0.8,0.8,0.8,0.64,0.84,0.8,0.76,0.76,0.68,0.84,0.88,0.88,0.68,0.68,0.8,0.8,0.72,0.64,0.68,0.76,0.76,0.76,0.84,0.8,0.88,0.76,0.76,0.88,0.84,0.84,0.8,0.84,0.76,0.76,0.76,0.8,0.76,0.72,0.88,0.8,0.76,0.64,0.88,0.88,0.88,0.8,0.76,0.72,0.8,0.92,0.76,0.72,0.72,0.76,0.72,0.88,0.76,0.76,0.88,0.76,0.76,0.8,0.88,0.76,0.88,0.72,0.84,0.72,0.68,0.84,0.72,0.88,0.84,0.72,0.76,0.72,0.76,0.8,0.76,0.72,0.64,0.76,0.84,0.8,0.72,0.72,0.64,0.8,0.76,0.76,0.84,0.8,0.8,0.76,0.8,0.84,0.84,0.72,0.8,0.72,0.68,0.76,0.8,0.72,0.8,0.84,0.76,0.76,0.68,0.8,0.64,0.8,0.68,0.76,0.6,0.72,0.76,0.72,0.8,0.72,0.72,0.8,0.68,0.72,0.8,0.8,0.68,0.8,0.8,0.76,0.76,0.84,0.8,0.84,0.84,0.8,0.84,0.8,0.8,0.8,0.88,0.76,0.68,0.8,0.72,0.76,0.88,0.76,0.8,0.76,0.92,0.68,0.76,0.76,0.68,0.88,0.8,0.84,0.76,
EPOCH: 43, Best: 0.92, MEAN FITNESS: 0.7836
SUM FITNESS: 156.72, SUM FITNESS*100: 15672
0.8,0.6,0.84,0.76,0.76,0.8,0.72,0.88,0.72,0.8,0.88,0.8,0.8,0.92,0.84,0.72,0.76,0.8,0.76,0.8,0.84,0.88,0.8,0.68,0.68,0.8,0.88,0.76,0.64,0.72,0.84,0.68,0.68,0.8,0.8,0.92,0.72,0.84,0.68,0.76,0.8,0.84,0.68,0.8,0.8,0.88,0.84,0.76,0.72,0.76,0.88,0.76,0.8,0.6,0.84,0.88,0.84,0.76,0.76,0.84,0.72,0.92,0.88,0.84,0.8,0.8,0.76,0.8,0.64,0.68,0.76,0.72,0.84,0.76,0.76,0.84,0.84,0.84,0.8,0.84,0.76,0.76,0.84,0.76,0.88,0.8,0.84,0.76,0.76,0.92,0.76,0.84,0.72,0.76,0.84,0.8,0.76,0.8,0.68,0.8,0.84,0.92,0.88,0.84,0.88,0.68,0.76,0.76,0.88,0.76,0.76,0.76,0.72,0.8,0.68,0.8,0.88,0.72,0.76,0.76,0.76,0.76,0.72,0.76,0.68,0.76,0.64,0.84,0.76,0.84,0.76,0.76,0.88,0.68,0.88,0.76,0.6,0.76,0.76,0.68,0.76,0.76,0.8,0.72,0.76,0.8,0.88,0.76,0.92,0.88,0.8,0.8,0.84,0.8,0.84,0.76,0.76,0.88,0.76,0.72,0.88,0.8,0.72,0.84,0.8,0.8,0.8,0.84,0.76,0.72,0.84,0.6,0.84,0.72,0.68,0.72,0.84,0.72,0.72,0.72,0.76,0.64,0.76,0.88,0.8,0.76,0.84,0.76,0.72,0.76,0.92,0.72,0.76,0.8,0.76,0.72,0.88,0.88,0.8,0.88,
EPOCH: 44, Best: 0.92, MEAN FITNESS: 0.7908
SUM FITNESS: 158.16, SUM FITNESS*100: 15816
0.76,0.76,0.92,0.84,0.76,0.84,0.84,0.8,0.8,0.72,0.84,0.72,0.76,0.92,0.76,0.88,0.8,0.72,0.88,0.84,0.84,0.72,0.88,0.92,0.88,0.8,0.84,0.84,0.84,0.8,0.8,0.76,0.72,0.84,0.68,0.88,0.68,0.88,0.72,0.8,0.76,0.76,0.88,0.8,0.68,0.76,0.8,0.72,0.84,0.76,0.76,0.8,0.68,0.76,0.8,0.84,0.88,0.76,0.92,0.76,0.76,0.76,0.8,0.8,0.68,0.72,0.76,0.6,0.88,0.8,0.8,0.72,0.72,0.88,0.76,0.84,0.72,0.76,0.64,0.76,0.76,0.76,0.88,0.88,0.8,0.84,0.88,0.76,0.8,0.76,0.72,0.84,0.72,0.84,0.76,0.72,0.88,0.92,0.72,0.84,0.76,0.72,0.92,0.88,0.72,0.84,0.76,0.76,0.64,0.84,0.88,0.68,0.76,0.84,0.8,0.88,0.68,0.76,0.84,0.84,0.72,0.84,0.68,0.64,0.84,0.88,0.8,0.76,0.84,0.76,0.72,0.76,0.88,0.88,0.76,0.72,0.76,0.68,0.88,0.8,0.76,0.84,0.8,0.84,0.88,0.76,0.64,0.8,0.8,0.76,0.72,0.88,0.84,0.8,0.72,0.68,0.68,0.8,0.72,0.8,0.8,0.88,0.68,0.84,0.72,0.84,0.72,0.92,0.8,0.8,0.76,0.8,0.72,0.88,0.84,0.68,0.84,0.72,0.88,0.84,0.84,0.88,0.64,0.72,0.92,0.8,0.76,0.88,0.76,0.8,0.8,0.84,0.8,0.72,0.84,0.76,0.84,0.8,0.84,0.8,
EPOCH: 45, Best: 0.92, MEAN FITNESS: 0.8098
SUM FITNESS: 161.96, SUM FITNESS*100: 16196
0.84,0.84,0.92,0.88,0.76,0.76,0.72,0.84,0.72,0.8,0.8,0.8,0.84,0.76,0.76,0.8,0.88,0.68,0.64,0.76,0.8,0.76,0.84,0.84,0.76,0.8,0.76,0.72,0.92,0.88,0.72,0.84,0.84,0.92,0.88,0.76,0.8,0.88,0.8,0.88,0.8,0.76,0.8,0.84,0.68,0.72,0.8,0.76,0.68,0.68,0.8,0.72,0.84,0.92,0.72,0.84,0.84,0.76,0.64,0.88,0.8,0.88,0.8,0.76,0.84,0.88,0.88,0.92,0.88,0.76,0.8,0.92,0.76,0.8,0.88,0.88,0.8,0.8,0.88,0.84,0.84,0.84,0.76,0.8,0.84,0.8,0.84,0.88,0.88,0.92,0.8,0.88,0.76,0.8,0.92,0.88,0.72,0.76,0.84,0.92,0.76,0.88,0.76,0.88,0.68,0.88,0.8,0.8,0.68,0.8,0.72,0.92,0.84,0.8,0.88,0.64,0.8,0.88,0.8,0.8,0.88,0.8,0.8,0.8,0.8,0.84,0.8,0.68,0.84,0.8,0.76,0.92,0.84,0.72,0.88,0.92,0.92,0.8,0.8,0.8,0.84,0.76,0.92,0.84,0.76,0.88,0.8,0.72,0.8,0.72,0.84,0.92,0.76,0.84,0.84,0.88,0.76,0.88,0.88,0.76,0.8,0.76,0.92,0.88,0.88,0.76,0.64,0.88,0.76,0.72,0.76,0.72,0.72,0.72,0.84,0.92,0.84,0.84,0.84,0.76,0.84,0.8,0.76,0.84,0.8,0.76,0.88,0.8,0.84,0.84,0.76,0.76,0.8,0.84,0.76,0.76,0.76,0.84,0.76,0.88,
EPOCH: 46, Best: 0.96, MEAN FITNESS: 0.8198
SUM FITNESS: 163.96, SUM FITNESS*100: 16396
0.76,0.88,0.92,0.76,0.84,0.88,0.88,0.84,0.84,0.84,0.84,0.88,0.72,0.8,0.64,0.88,0.88,0.72,0.76,0.88,0.72,0.8,0.8,0.88,0.8,0.68,0.76,0.92,0.92,0.68,0.84,0.8,0.8,0.88,0.8,0.88,0.8,0.92,0.84,0.84,0.84,0.84,0.8,0.92,0.64,0.84,0.88,0.84,0.8,0.72,0.84,0.8,0.84,0.84,0.8,0.84,0.8,0.84,0.92,0.88,0.8,0.84,0.8,0.84,0.84,0.88,0.84,0.8,0.88,0.92,0.84,0.84,0.76,0.88,0.76,0.68,0.64,0.68,0.8,0.8,0.92,0.84,0.76,0.76,0.72,0.8,0.84,0.84,0.88,0.8,0.88,0.84,0.8,0.8,0.88,0.88,0.76,0.92,0.92,0.88,0.8,0.92,0.8,0.84,0.8,0.84,0.88,0.84,0.88,0.76,0.8,0.76,0.76,0.72,0.8,0.84,0.84,0.88,0.84,0.8,0.92,0.8,0.8,0.8,0.84,0.76,0.8,0.84,0.84,0.8,0.8,0.88,0.88,0.72,0.8,0.84,0.84,0.84,0.72,0.88,0.88,0.88,0.72,0.88,0.8,0.88,0.68,0.76,0.72,0.84,0.8,0.88,0.8,0.68,0.76,0.72,0.84,0.8,0.68,0.88,0.84,0.88,0.8,0.84,0.84,0.76,0.84,0.76,0.76,0.76,0.92,0.92,0.8,0.8,0.88,0.76,0.88,0.8,0.8,0.88,0.84,0.88,0.72,0.96,0.72,0.88,0.84,0.88,0.76,0.8,0.92,0.68,0.8,0.8,0.92,0.8,0.84,0.88,0.8,0.88,
EPOCH: 47, Best: 0.96, MEAN FITNESS: 0.8264
SUM FITNESS: 165.28, SUM FITNESS*100: 16528
0.88,0.76,0.88,0.88,0.96,0.88,0.84,0.8,0.84,0.8,0.68,0.8,0.84,0.84,0.84,0.92,0.72,0.8,0.88,0.8,0.84,0.92,0.84,0.72,0.96,0.68,0.8,0.8,0.88,0.92,0.84,0.64,0.76,0.8,0.76,0.8,0.68,0.88,0.84,0.72,0.84,0.84,0.84,0.84,0.84,0.8,0.68,0.84,0.8,0.84,0.76,0.84,0.88,0.92,0.8,0.8,0.8,0.88,0.76,0.88,0.8,0.72,0.84,0.8,0.72,0.92,0.76,0.88,0.8,0.8,0.88,0.84,0.88,0.92,0.8,0.88,0.88,0.84,0.84,0.72,0.76,0.8,0.88,0.8,0.84,0.88,0.8,0.8,0.84,0.92,0.88,0.64,0.84,0.76,0.8,0.88,0.76,0.88,0.84,0.8,0.92,0.92,0.76,0.8,0.8,0.8,0.84,0.8,0.76,0.84,0.88,0.84,0.96,0.84,0.8,0.88,0.8,0.8,0.84,0.8,0.84,0.8,0.88,0.88,0.84,0.88,0.84,0.76,0.88,0.88,0.88,0.8,0.8,0.84,0.76,0.8,0.96,0.88,0.92,0.68,0.92,0.84,0.8,0.88,0.84,0.8,0.72,0.8,0.76,0.92,0.88,0.76,0.84,0.84,0.84,0.84,0.84,0.72,0.84,0.72,0.88,0.88,0.72,0.84,0.76,0.88,0.92,0.68,0.88,0.92,0.76,0.88,0.8,0.88,0.84,0.68,0.88,0.88,0.84,0.88,0.84,0.84,0.8,0.96,0.68,0.8,0.84,0.84,0.84,0.84,0.84,0.92,0.84,0.96,0.8,0.84,0.68,0.8,0.88,0.76,
EPOCH: 48, Best: 0.96, MEAN FITNESS: 0.8278
SUM FITNESS: 165.56, SUM FITNESS*100: 16556
0.84,0.76,0.84,0.88,0.96,0.84,0.84,0.8,0.84,0.8,0.88,0.88,0.88,0.8,0.8,0.88,0.84,0.92,0.88,0.92,0.76,0.84,0.84,0.8,0.76,0.96,0.84,0.88,0.88,0.64,0.8,0.88,0.8,0.76,0.96,0.84,0.84,0.88,0.84,0.84,0.84,0.76,0.88,0.88,0.84,0.84,0.8,0.76,0.84,0.84,0.88,0.84,0.8,0.84,0.8,0.8,0.92,0.8,0.96,0.8,0.72,0.8,0.84,0.8,0.8,0.8,0.76,0.84,0.88,0.88,0.76,0.92,0.88,0.84,0.84,0.72,0.84,0.88,0.88,0.8,0.96,0.64,0.88,0.8,0.96,0.88,0.92,0.92,0.76,0.84,0.92,0.76,0.72,0.8,0.84,0.84,0.96,0.84,0.84,0.84,0.76,0.84,0.92,0.84,0.8,0.68,0.76,0.76,0.8,0.8,0.8,0.8,0.88,0.88,0.8,0.8,0.64,0.8,0.84,0.8,0.88,0.88,0.8,0.8,0.76,0.68,0.88,0.8,0.76,0.92,0.92,0.64,0.88,0.76,0.8,0.88,0.84,0.76,0.92,0.8,0.84,0.84,0.8,0.76,0.84,0.8,0.88,0.84,0.8,0.84,0.84,0.84,0.64,0.76,0.72,0.84,0.88,0.8,0.76,0.6,0.84,0.72,0.8,0.76,0.88,0.92,0.76,0.84,0.8,0.84,0.76,0.88,0.8,0.88,0.92,0.8,0.84,0.92,0.88,0.84,0.68,0.84,0.84,0.8,0.84,0.8,0.84,0.88,0.84,0.84,0.84,0.84,0.8,0.88,0.96,0.84,0.8,0.84,0.88,0.88,
EPOCH: 49, Best: 0.96, MEAN FITNESS: 0.832999
SUM FITNESS: 166.6, SUM FITNESS*100: 16660
0.8,0.88,0.84,0.88,0.96,0.68,0.88,0.92,0.84,0.76,0.92,0.88,0.84,0.72,0.76,0.88,0.84,0.84,0.92,0.88,0.88,0.8,0.8,0.88,0.84,0.84,0.84,0.72,0.8,0.88,0.84,0.84,0.92,0.88,0.8,0.76,0.8,0.96,0.84,0.88,0.92,0.8,0.76,0.84,0.8,0.72,0.88,0.76,0.8,0.92,0.84,0.92,0.76,0.84,0.8,0.72,0.84,0.8,0.88,0.8,0.92,0.8,0.92,0.8,0.68,0.84,0.8,0.88,0.88,0.8,0.8,0.92,0.92,0.88,0.88,0.88,0.92,0.8,0.88,0.84,0.88,0.84,0.88,0.76,0.88,0.72,0.88,0.72,0.96,0.84,0.92,0.8,0.84,0.84,0.88,0.84,0.88,0.84,0.84,0.76,0.88,0.92,0.76,0.8,0.84,0.88,0.8,0.72,0.84,0.84,0.88,0.8,0.8,0.72,0.92,0.84,0.76,0.88,0.76,0.92,0.84,0.8,0.8,0.92,0.92,0.8,0.84,0.84,0.8,0.88,0.8,0.92,0.64,0.88,0.8,0.8,0.84,0.8,0.84,0.84,0.8,0.84,0.84,0.84,0.84,0.88,0.88,0.84,0.8,0.84,0.8,0.8,0.88,0.72,0.88,0.88,0.8,0.84,0.88,0.8,0.8,0.88,0.84,0.84,0.8,0.88,0.76,0.92,0.68,0.84,0.8,0.68,0.88,0.84,0.76,0.84,0.8,0.8,0.8,0.84,0.64,0.88,0.84,0.92,0.88,0.76,0.76,0.92,0.8,0.8,0.84,0.84,0.8,0.84,0.84,0.88,0.76,0.92,0.84,0.76,
EPOCH: 50, Best: 0.96, MEAN FITNESS: 0.835399
SUM FITNESS: 167.08, SUM FITNESS*100: 16708
0.8,0.88,0.84,0.92,0.96,0.8,0.84,0.84,0.8,0.84,0.88,0.92,0.84,0.84,0.84,0.96,0.88,0.84,0.88,0.8,0.84,0.92,0.88,0.8,0.76,0.72,0.76,0.8,0.8,0.84,0.8,0.76,0.76,0.84,0.88,0.76,0.8,0.84,0.68,0.92,0.8,0.76,0.84,0.8,0.96,0.64,0.84,0.92,0.76,0.88,0.92,0.92,0.88,0.88,0.84,0.84,0.92,0.8,0.88,0.92,0.88,0.88,0.92,0.76,0.84,0.88,0.88,0.8,0.72,0.92,0.88,0.76,0.72,0.64,0.8,0.76,0.92,0.8,0.88,0.92,0.88,0.84,0.84,0.8,0.8,0.8,0.8,0.84,0.8,0.8,0.8,0.8,0.92,0.8,0.96,0.68,0.96,0.88,0.84,0.84,0.84,0.84,0.76,0.92,0.92,0.92,0.8,0.76,0.76,0.84,0.84,0.68,0.92,0.76,0.84,0.8,0.84,0.84,0.76,0.8,0.88,0.88,0.88,0.88,0.76,0.84,0.84,0.8,0.92,0.84,0.88,0.92,0.84,0.84,0.92,0.8,0.92,0.76,0.8,0.76,0.84,0.68,0.92,0.96,0.72,0.84,0.92,0.84,0.84,0.84,0.88,0.84,0.84,0.76,0.84,0.84,0.72,0.76,0.8,0.76,0.92,0.88,0.8,0.88,0.92,0.88,0.96,0.76,0.88,0.68,0.88,0.88,0.88,0.76,0.92,0.88,0.84,0.88,0.84,0.76,0.84,0.84,0.88,0.84,0.8,0.8,0.84,0.84,0.72,0.84,0.84,0.84,0.88,0.88,0.84,0.68,0.84,0.88,0.76,0.88,
EPOCH: 51, Best: 0.96, MEAN FITNESS: 0.838799
SUM FITNESS: 167.76, SUM FITNESS*100: 16776
0.76,0.76,0.88,0.76,0.96,0.88,0.84,0.84,0.84,0.88,0.84,0.92,0.84,0.8,0.84,0.72,0.92,0.84,0.8,0.88,0.84,0.8,0.92,0.8,0.84,0.84,0.8,0.84,0.84,0.84,0.88,0.8,0.8,0.88,0.8,0.88,0.72,0.8,0.84,0.92,0.84,0.88,0.8,0.88,0.8,0.84,0.84,0.92,0.88,0.84,0.8,0.88,0.92,0.92,0.8,0.84,0.92,0.88,0.84,0.8,0.76,0.84,0.88,0.84,0.88,0.84,0.72,0.84,0.92,0.92,0.88,0.92,0.92,0.84,0.92,0.92,0.84,0.88,0.84,0.92,0.92,0.88,0.72,0.84,0.84,0.68,0.84,0.96,0.76,0.8,0.84,0.84,0.8,0.8,0.96,0.84,0.8,0.84,0.84,0.76,0.84,0.92,0.72,0.8,0.8,0.76,0.88,0.88,0.92,0.84,0.92,0.88,0.84,0.76,0.92,0.8,0.84,0.84,0.88,0.84,0.92,0.88,0.72,0.68,0.84,0.76,0.8,0.84,0.76,0.8,0.88,0.92,0.88,0.88,0.8,0.84,0.76,0.8,0.8,0.84,0.84,0.88,0.72,0.72,0.92,0.8,0.8,0.88,0.88,0.84,0.84,0.84,0.84,0.84,0.8,0.84,0.84,0.88,0.84,0.8,0.8,0.92,0.84,0.84,0.88,0.8,0.76,0.96,0.88,0.92,0.84,0.8,0.72,0.76,0.92,0.96,0.84,0.88,0.8,0.84,0.8,0.8,0.8,0.88,0.84,0.8,0.84,0.84,0.84,0.92,0.88,0.76,0.84,0.84,0.84,0.8,0.76,0.88,0.68,0.76,
EPOCH: 52, Best: 0.96, MEAN FITNESS: 0.837399
SUM FITNESS: 167.48, SUM FITNESS*100: 16748
0.88,0.84,0.8,0.8,0.96,0.84,0.92,0.8,0.8,0.8,0.92,0.8,0.88,0.88,0.8,0.76,0.8,0.68,0.84,0.8,0.8,0.96,0.88,0.88,0.88,0.8,0.88,0.92,0.88,0.84,0.84,0.8,0.88,0.76,0.84,0.88,0.8,0.84,0.84,0.72,0.8,0.84,0.84,0.92,0.84,0.8,0.84,0.72,0.84,0.68,0.92,0.88,0.8,0.84,0.8,0.88,0.88,0.96,0.8,0.88,0.8,0.84,0.84,0.88,0.88,0.8,0.76,0.76,0.8,0.96,0.88,0.84,0.8,0.84,0.84,0.8,0.8,0.8,0.76,0.88,0.92,0.84,0.76,0.92,0.92,0.8,0.92,0.88,0.92,0.84,0.88,0.92,0.84,0.76,0.8,0.84,0.88,0.84,0.84,0.88,0.76,0.84,0.84,0.88,0.84,0.88,0.8,0.76,0.88,0.8,0.88,0.92,0.72,0.76,0.76,0.76,0.84,0.92,0.84,0.8,0.84,0.84,0.72,0.72,0.92,0.84,0.8,0.88,0.88,0.72,0.84,0.72,0.88,0.8,0.84,0.84,0.68,0.72,0.84,0.88,0.92,0.88,0.84,0.8,0.92,0.8,0.72,0.72,0.8,0.84,0.88,0.84,0.92,0.84,0.88,0.88,0.88,0.88,0.84,0.92,0.84,0.84,0.8,0.8,0.88,0.84,0.92,0.84,0.76,0.84,0.76,0.8,0.88,0.92,0.84,0.88,0.8,0.76,0.8,0.92,0.84,0.92,0.84,0.8,0.84,0.76,0.88,0.84,0.92,0.92,0.8,0.96,0.76,0.76,0.8,0.92,0.92,0.84,0.92,0.8,
EPOCH: 53, Best: 0.96, MEAN FITNESS: 0.8426
SUM FITNESS: 168.52, SUM FITNESS*100: 16852
0.88,0.8,0.92,0.92,0.96,0.8,0.84,0.84,0.88,0.92,0.88,0.84,0.8,0.72,0.88,0.92,0.72,0.84,0.8,0.84,0.84,0.76,0.84,0.84,0.76,0.84,0.8,0.88,0.8,0.76,0.72,0.84,0.88,0.92,0.88,0.92,0.76,0.84,0.84,0.84,0.84,0.92,0.96,0.92,0.92,0.84,0.84,0.8,0.88,0.88,0.72,0.8,0.8,0.8,0.88,0.88,0.84,0.8,0.88,0.92,0.88,0.84,0.84,0.96,0.92,0.84,0.76,0.84,0.84,0.8,0.84,0.8,0.8,0.96,0.92,0.72,0.88,0.76,0.84,0.92,0.92,0.88,0.76,0.84,0.92,0.64,0.84,0.84,0.76,0.84,0.92,0.96,0.68,0.8,0.88,0.72,0.8,0.84,0.84,0.96,0.76,0.88,0.92,0.88,0.8,0.76,0.76,0.8,0.84,0.84,0.84,0.8,0.92,0.8,0.84,0.92,0.8,0.84,0.8,0.72,0.88,0.88,0.88,0.92,0.88,0.84,0.88,0.84,0.76,0.96,0.92,0.76,0.76,0.92,0.88,0.8,0.88,0.92,0.84,0.92,0.76,0.84,0.8,0.8,0.88,0.88,0.8,0.88,0.84,0.84,0.84,0.92,0.84,0.88,0.8,0.84,0.88,0.88,0.8,0.8,0.84,0.88,0.84,0.84,0.88,0.92,0.88,0.84,0.88,0.72,0.84,0.76,0.84,0.88,0.72,0.88,0.72,0.88,0.76,0.92,0.84,0.92,0.88,0.76,0.8,0.84,0.8,0.8,0.88,0.76,0.88,0.88,0.88,0.88,0.96,0.8,0.84,0.72,0.92,0.84,
EPOCH: 54, Best: 0.96, MEAN FITNESS: 0.8462
SUM FITNESS: 169.24, SUM FITNESS*100: 16924
0.76,0.96,0.84,0.92,0.96,0.84,0.88,0.84,0.92,0.8,0.92,0.92,0.92,0.76,0.88,0.68,0.88,0.88,0.92,0.76,0.84,0.88,0.84,0.76,0.72,0.8,0.84,0.8,0.72,0.88,0.88,0.84,0.84,0.88,0.96,0.92,0.92,0.92,0.84,0.76,0.88,0.76,0.8,0.84,0.88,0.8,0.92,0.88,0.88,0.92,0.72,0.8,0.88,0.76,0.68,0.88,0.88,0.76,0.92,0.84,0.88,0.84,0.8,0.8,0.88,0.84,0.84,0.88,0.76,0.84,0.88,0.88,0.8,0.88,0.88,0.8,0.64,0.92,0.88,0.88,0.76,0.8,0.84,0.88,0.88,0.92,0.76,0.84,0.84,0.76,0.84,0.92,0.96,0.92,0.84,0.84,0.88,0.88,0.92,0.76,0.84,0.8,0.84,0.84,0.84,0.92,0.8,0.76,0.84,0.88,0.92,0.96,0.88,0.88,0.92,0.76,0.72,0.84,0.88,0.88,0.84,0.96,0.8,0.88,0.84,0.8,0.96,0.8,0.92,0.88,0.92,0.88,0.92,0.84,0.88,0.84,0.8,0.92,0.84,0.84,0.76,0.84,0.84,0.84,0.96,0.84,0.88,0.76,0.84,0.88,0.92,0.84,0.8,0.88,0.84,0.84,0.84,0.88,0.88,0.8,0.88,0.8,0.72,0.88,0.96,0.76,0.76,0.84,0.8,0.76,0.8,0.8,0.96,0.88,0.8,0.84,0.76,0.76,0.84,0.88,0.84,0.84,0.88,0.76,0.76,0.8,0.8,0.76,0.92,0.88,0.88,0.84,0.88,0.88,0.92,0.72,0.76,0.88,0.96,0.88,
EPOCH: 55, Best: 0.96, MEAN FITNESS: 0.854799
SUM FITNESS: 170.96, SUM FITNESS*100: 17096
0.84,0.96,0.92,0.76,0.84,0.88,0.88,0.76,0.76,0.8,0.88,0.84,0.84,0.8,0.8,0.84,0.8,0.8,0.84,0.84,0.76,0.88,0.92,0.92,0.88,0.8,0.88,0.88,0.92,0.88,0.92,0.76,0.84,0.84,0.76,0.8,0.8,0.88,0.88,0.96,0.88,0.88,0.88,0.88,0.8,0.92,0.8,0.76,0.88,0.88,0.92,0.84,0.88,0.96,0.84,0.76,0.92,0.88,0.88,0.84,0.92,0.84,0.88,0.92,0.76,0.92,0.84,0.8,0.88,0.92,0.84,0.8,0.88,0.92,0.84,0.84,0.8,0.88,0.88,0.84,0.84,0.92,0.88,0.8,0.8,0.92,0.84,0.84,0.76,0.8,0.88,0.8,0.8,0.8,0.72,0.84,0.84,0.8,0.88,0.92,0.8,0.76,0.88,0.88,0.8,0.88,0.8,0.88,0.92,0.88,0.92,0.76,0.88,0.96,0.88,0.88,0.84,0.88,0.88,0.88,0.92,0.92,0.88,0.88,0.8,0.88,0.84,0.92,0.92,0.8,0.84,0.84,0.88,0.8,0.96,0.84,0.88,0.88,0.84,0.88,0.76,0.84,0.88,0.88,0.88,0.92,0.8,0.92,0.88,0.72,0.96,0.88,0.84,0.84,0.92,0.76,0.92,0.84,0.76,0.76,0.84,0.88,0.8,0.92,0.84,0.72,0.8,0.92,0.88,0.88,0.88,0.88,0.92,0.84,0.76,0.84,0.76,0.84,0.84,0.92,0.92,0.84,0.88,0.76,0.88,0.76,0.88,0.96,0.96,0.84,0.96,0.76,0.84,0.96,0.76,0.92,0.84,0.92,0.92,0.84,
EPOCH: 56, Best: 0.96, MEAN FITNESS: 0.867599
SUM FITNESS: 173.52, SUM FITNESS*100: 17352
0.88,0.96,0.84,0.92,0.92,0.88,0.96,0.92,0.84,0.92,0.96,0.88,0.88,0.72,0.8,0.84,0.92,0.84,0.88,0.76,0.8,0.88,0.96,0.8,0.88,0.88,0.88,0.8,0.88,0.72,0.88,0.96,0.88,0.8,0.88,0.88,0.8,0.8,0.96,0.84,0.88,0.84,0.88,0.92,0.8,0.92,0.92,0.8,0.88,0.88,0.88,0.88,0.84,0.88,0.88,0.92,0.76,0.8,0.88,0.8,0.88,0.84,0.96,0.84,0.88,0.92,0.88,0.84,0.84,0.92,0.92,0.92,0.92,0.96,0.76,0.96,0.88,0.84,0.88,0.84,0.92,0.92,0.84,0.88,0.88,0.92,0.84,0.88,0.92,0.88,0.84,0.92,0.88,0.96,0.84,0.88,0.88,0.84,0.84,0.92,0.8,0.92,0.84,0.92,0.92,0.92,0.88,0.92,0.88,0.76,0.88,0.84,0.84,0.92,0.84,0.88,0.88,0.76,0.88,0.84,0.8,0.88,0.88,0.88,0.92,0.88,0.88,0.88,0.92,0.84,0.84,0.76,0.84,0.92,0.84,0.76,0.88,0.88,0.8,0.92,0.88,0.8,0.92,0.92,0.84,0.92,0.88,0.84,0.8,0.84,0.76,0.88,0.92,0.8,0.92,0.84,0.84,0.88,0.92,0.8,0.8,0.84,0.96,0.92,0.92,0.88,0.84,0.84,0.92,0.84,0.92,0.92,0.88,0.92,0.88,0.96,0.88,0.88,0.8,0.88,0.84,0.8,0.84,0.8,0.88,0.88,0.88,0.96,0.76,0.8,0.76,0.84,0.88,0.8,0.8,0.92,0.8,0.88,0.84,0.88,
EPOCH: 57, Best: 0.96, MEAN FITNESS: 0.865799
SUM FITNESS: 173.16, SUM FITNESS*100: 17316
0.84,0.96,0.88,0.92,0.84,0.88,0.84,0.84,0.8,0.88,0.92,0.8,0.88,0.84,0.84,0.84,0.88,0.8,0.92,0.8,0.92,0.88,0.92,0.88,0.88,0.84,0.72,0.84,0.76,0.8,0.92,0.84,0.8,0.92,0.88,0.92,0.92,0.8,0.84,0.84,0.88,0.76,0.84,0.92,0.84,0.84,0.84,0.8,0.76,0.88,0.84,0.88,0.84,0.88,0.92,0.8,0.92,0.88,0.88,0.88,0.84,0.92,0.88,0.88,0.88,0.84,0.92,0.76,0.88,0.92,0.92,0.92,0.92,0.84,0.92,0.92,0.88,0.96,0.84,0.84,0.92,0.84,0.8,0.92,0.84,0.8,0.88,0.96,0.88,0.92,0.8,0.92,0.84,0.8,0.84,0.96,0.8,0.88,0.84,0.96,0.88,0.92,0.88,0.92,0.88,0.92,0.84,0.84,0.88,0.8,0.88,0.88,0.88,0.92,0.84,0.8,0.84,0.84,0.88,0.92,0.84,0.88,0.84,0.96,0.84,0.92,0.88,0.76,0.84,0.88,0.88,0.92,0.88,0.88,0.88,0.88,0.88,0.88,0.84,0.84,0.88,0.84,0.8,0.92,0.88,0.8,0.88,0.8,0.88,0.84,0.84,0.88,0.92,0.92,0.88,0.96,0.84,0.92,0.88,0.88,0.92,0.84,0.92,0.84,0.84,0.84,0.84,0.76,0.96,0.84,0.76,0.88,0.88,0.92,0.88,0.92,0.76,0.84,0.84,0.88,0.84,0.88,0.84,0.84,0.88,0.88,0.88,0.84,0.96,0.84,0.84,0.76,0.84,0.88,0.84,0.84,0.8,0.96,0.88,0.92,
EPOCH: 58, Best: 0.96, MEAN FITNESS: 0.864999
SUM FITNESS: 173, SUM FITNESS*100: 17300
0.84,0.96,0.84,0.88,0.88,0.88,0.8,0.88,0.8,0.88,0.8,0.88,0.8,0.88,0.88,0.96,0.84,0.92,0.92,0.76,0.84,0.8,0.84,0.92,0.88,0.8,0.96,0.88,0.84,0.8,0.84,0.84,0.96,0.88,0.84,0.92,0.88,0.84,0.88,0.92,0.88,0.84,0.84,0.88,0.88,0.8,0.88,0.84,0.84,0.88,0.76,0.84,0.8,0.88,0.84,0.88,0.88,0.96,0.88,0.88,0.92,0.84,0.92,0.92,0.88,0.84,0.88,0.88,0.92,0.76,0.8,0.84,0.84,0.88,0.84,0.8,0.88,0.8,0.96,0.84,0.92,0.92,0.84,0.84,0.92,0.88,0.84,0.8,0.88,0.92,0.84,0.88,0.92,0.84,0.88,0.84,0.84,0.76,0.84,0.84,0.84,0.88,0.92,0.88,0.8,0.8,0.92,0.84,0.88,0.88,0.92,0.96,0.88,0.92,0.96,0.84,0.88,0.76,0.88,0.92,0.96,0.88,0.84,0.84,0.76,0.84,0.84,0.92,0.92,0.72,0.88,0.84,0.84,0.84,0.84,0.88,0.88,0.8,0.88,0.84,0.88,0.92,0.88,0.88,0.88,0.8,0.92,0.92,0.84,0.84,0.84,0.92,0.92,0.8,0.84,0.88,0.8,0.8,0.84,0.88,0.88,0.92,0.8,0.96,0.84,0.88,0.96,0.92,0.84,0.84,0.88,0.92,0.88,0.84,0.84,0.84,0.84,0.96,0.92,0.88,0.88,0.84,0.76,0.88,0.84,0.84,0.96,0.88,0.88,0.84,0.84,0.92,0.92,0.88,0.92,0.84,0.84,0.84,0.76,0.84,
EPOCH: 59, Best: 0.96, MEAN FITNESS: 0.864999
SUM FITNESS: 173, SUM FITNESS*100: 17300
0.92,0.96,0.88,0.88,0.84,0.92,0.84,0.84,0.88,0.8,0.84,0.84,0.8,0.76,0.88,0.84,0.96,0.88,0.88,0.88,0.92,0.88,0.84,0.88,0.84,0.96,0.8,0.96,0.84,0.92,0.8,0.8,0.92,0.8,0.84,0.88,0.88,0.8,0.88,0.8,0.88,0.88,0.8,0.88,0.8,0.88,0.88,0.84,0.88,0.96,0.92,0.84,0.8,0.84,0.84,0.96,0.92,0.84,0.84,0.88,0.84,0.84,0.8,0.88,0.88,0.76,0.84,0.92,0.92,0.92,0.96,0.84,0.8,0.84,0.88,0.8,0.84,0.84,0.88,0.84,0.92,0.8,0.8,0.8,0.84,0.88,0.88,0.8,0.8,0.96,0.92,0.92,0.84,0.76,0.84,0.8,0.96,0.84,0.76,0.88,0.84,0.88,0.8,0.84,0.92,0.96,0.84,0.88,0.84,0.92,0.92,0.88,0.8,0.84,0.88,0.8,0.84,0.84,0.8,0.96,0.92,0.88,0.92,0.84,0.88,0.8,0.84,0.88,0.96,0.84,0.8,0.88,0.8,0.84,0.88,0.88,0.92,0.84,0.88,0.88,0.84,0.92,0.8,0.92,0.92,0.88,0.84,0.96,0.8,0.84,0.72,0.84,0.76,0.92,0.92,0.84,0.92,0.84,0.84,0.96,0.96,0.92,0.84,0.92,0.92,0.88,0.88,0.92,0.92,0.88,0.8,0.88,0.88,0.8,0.96,0.84,0.84,0.92,0.84,0.92,0.84,0.84,0.88,0.76,0.76,0.88,0.88,0.88,0.84,0.88,0.84,0.92,0.92,0.92,0.88,0.84,0.96,0.84,0.8,0.96,
EPOCH: 60, Best: 0.96, MEAN FITNESS: 0.8676
SUM FITNESS: 173.52, SUM FITNESS*100: 17352
0.8,0.96,0.88,0.8,0.88,0.84,0.92,0.84,0.84,0.84,0.92,0.92,0.84,0.92,0.84,0.92,0.8,0.8,0.84,0.84,0.88,0.92,0.88,0.92,0.84,0.88,0.8,0.88,0.92,0.84,0.88,0.88,0.88,0.8,0.8,0.8,0.8,0.8,0.8,0.92,0.84,0.8,0.96,0.88,0.8,0.88,0.8,0.88,0.8,0.92,0.8,0.88,0.84,0.84,0.88,0.84,0.92,0.84,0.88,0.92,0.92,0.84,0.92,0.88,0.92,0.88,0.88,0.76,0.8,0.88,0.92,0.88,0.92,0.92,0.84,0.92,0.76,0.92,0.84,0.96,0.88,0.84,0.88,0.84,0.92,0.88,0.88,0.96,0.8,0.84,0.96,0.88,0.8,0.68,0.92,0.92,0.76,0.96,0.88,0.92,0.8,0.84,0.92,0.88,0.88,0.88,0.92,0.84,0.84,0.88,0.84,0.84,0.84,0.92,0.92,0.84,0.76,0.92,0.84,0.84,0.84,0.92,0.88,0.96,0.84,0.88,0.88,0.84,0.88,0.84,0.84,0.84,0.92,0.8,0.88,0.84,0.92,0.92,0.88,0.92,0.88,0.84,0.88,0.76,0.88,0.88,0.92,0.8,0.88,0.92,0.96,0.8,0.92,0.88,0.84,0.8,0.84,0.84,0.88,0.8,0.96,0.8,0.96,0.84,0.88,0.92,0.88,0.8,0.92,0.88,0.88,0.88,0.84,0.88,0.8,0.88,0.84,0.8,0.88,0.84,0.92,0.96,0.92,0.84,0.88,0.88,0.8,0.96,0.92,0.84,0.88,0.84,0.92,0.88,0.84,0.92,0.88,0.88,0.92,0.8,
EPOCH: 61, Best: 0.96, MEAN FITNESS: 0.8666
SUM FITNESS: 173.32, SUM FITNESS*100: 17332
0.92,0.96,0.84,0.8,0.84,0.84,0.84,0.84,0.88,0.76,0.88,0.76,0.88,0.88,0.96,0.8,0.92,0.8,0.76,0.88,0.88,0.88,0.8,0.88,0.92,0.88,0.84,0.88,0.84,0.92,0.92,0.92,0.8,0.88,0.84,0.92,0.84,0.96,0.88,0.88,0.84,0.84,0.88,0.84,0.92,0.84,0.92,0.92,0.92,0.92,0.96,0.84,0.88,0.88,0.84,0.88,0.92,0.88,0.88,0.88,0.96,0.96,0.88,0.8,0.92,0.88,0.92,0.76,0.92,0.88,0.88,0.76,0.92,0.92,0.84,0.8,0.84,0.88,0.84,0.84,0.88,0.84,0.92,0.88,0.92,0.88,0.84,0.84,0.92,0.92,0.88,0.84,0.76,0.88,0.8,0.84,0.88,0.96,0.92,0.84,0.8,0.96,0.8,0.92,0.88,0.96,0.92,0.8,0.88,0.88,0.84,0.92,0.92,0.88,0.92,0.8,0.84,0.84,0.88,0.84,0.8,0.8,0.92,0.8,0.92,0.96,0.96,0.84,0.88,0.88,0.8,0.76,0.8,0.88,0.8,0.84,0.8,0.96,0.88,0.8,0.8,0.92,0.92,0.76,0.92,0.8,0.84,0.92,0.84,0.88,0.88,0.8,0.88,0.8,0.84,0.88,0.84,0.88,0.84,0.88,0.92,0.88,0.8,0.84,0.84,0.92,0.8,0.8,0.8,0.92,0.96,0.92,0.88,0.88,0.88,0.92,0.88,0.88,0.8,0.8,0.88,0.88,0.84,0.84,0.68,0.92,0.88,0.84,0.84,0.92,0.76,0.8,0.92,0.88,0.88,0.92,0.88,0.88,0.88,0.88,
EPOCH: 62, Best: 0.96, MEAN FITNESS: 0.867199
SUM FITNESS: 173.44, SUM FITNESS*100: 17344
0.76,0.96,0.88,0.88,0.8,0.64,0.8,0.96,0.92,0.84,0.92,0.96,0.8,0.84,0.92,0.76,0.84,0.92,0.64,0.92,0.88,0.92,0.92,0.92,0.96,0.92,0.92,0.88,0.92,0.88,0.88,0.96,0.8,0.88,0.92,0.92,0.88,0.84,0.96,0.84,0.88,0.88,0.92,0.88,0.88,0.92,0.8,0.88,0.88,0.92,0.84,0.92,0.88,0.96,0.88,0.92,0.88,0.88,0.84,0.84,0.76,0.84,0.84,0.92,0.76,0.84,0.88,0.92,0.88,0.92,0.84,0.84,0.8,0.76,0.88,0.88,0.96,0.84,0.8,0.8,0.8,0.96,0.84,0.84,0.92,0.84,0.92,0.88,0.96,0.8,0.96,0.88,0.84,0.88,0.88,0.84,0.96,0.84,0.84,0.88,0.84,0.92,0.64,0.84,0.84,0.88,0.8,0.84,0.88,0.88,0.88,0.92,0.88,0.92,0.92,0.96,0.88,0.88,0.88,0.76,0.88,0.92,0.84,0.88,0.88,0.88,0.84,0.88,0.84,0.96,0.88,0.88,0.84,0.92,0.88,0.84,0.88,0.8,0.92,0.8,0.88,0.92,0.96,0.88,0.84,0.8,0.84,0.88,0.88,0.92,0.8,0.8,0.88,0.8,0.84,0.88,0.84,0.92,0.92,0.8,0.88,0.84,0.76,0.72,0.88,0.88,0.84,0.76,0.8,0.92,0.88,0.88,0.92,0.84,0.8,0.84,0.84,0.88,0.92,0.96,0.8,0.8,0.84,0.88,0.84,0.88,0.88,0.92,0.84,0.8,0.76,0.96,0.8,0.84,0.92,0.88,0.92,0.96,0.88,0.88,
EPOCH: 63, Best: 0.96, MEAN FITNESS: 0.8702
SUM FITNESS: 174.04, SUM FITNESS*100: 17404
0.84,0.96,0.96,0.88,0.88,0.92,0.76,0.76,0.96,0.88,0.84,0.8,0.92,0.92,0.92,0.96,0.96,0.92,0.88,0.96,0.96,0.88,0.88,0.88,0.88,0.92,0.84,0.92,0.88,0.72,0.92,0.96,0.88,0.88,0.88,0.88,0.92,0.8,0.84,0.88,0.84,0.84,0.92,0.88,0.88,0.84,0.88,0.88,0.84,0.92,0.8,0.96,0.84,0.88,0.88,0.8,0.88,0.88,0.8,0.8,0.88,0.88,0.92,0.76,0.72,0.88,0.8,0.68,0.92,0.84,0.76,0.92,0.88,0.8,0.88,0.88,0.92,0.84,0.92,0.8,0.96,0.92,0.84,0.88,0.84,0.88,0.84,0.88,0.84,0.84,0.8,0.96,0.84,0.84,0.76,0.88,0.88,0.88,0.84,0.88,0.8,0.88,0.8,0.84,0.88,0.88,0.84,0.96,0.96,0.84,0.92,0.8,0.84,0.92,0.88,0.88,0.88,0.96,0.88,0.92,0.92,0.92,0.92,0.84,0.88,0.8,0.88,0.84,0.96,0.88,0.92,0.92,0.84,0.8,0.96,0.84,0.84,0.96,0.88,0.96,0.84,0.92,0.88,0.8,0.84,0.88,0.8,0.8,0.84,0.92,0.92,0.96,0.96,0.8,0.84,0.88,0.72,0.92,0.84,0.88,0.96,0.8,0.84,0.96,0.88,0.88,0.8,0.88,0.84,0.88,0.88,0.84,0.92,0.8,0.88,0.88,0.96,0.76,0.84,0.8,0.8,0.88,0.92,0.96,0.84,0.84,0.88,0.84,0.8,0.96,0.92,0.76,0.8,0.88,0.84,0.88,0.88,0.84,0.92,0.88,
EPOCH: 64, Best: 0.96, MEAN FITNESS: 0.8746
SUM FITNESS: 174.92, SUM FITNESS*100: 17492
0.92,0.96,0.92,0.8,0.8,0.88,0.92,0.88,0.88,0.88,0.96,0.84,0.92,0.88,0.84,0.96,0.76,0.88,0.88,0.8,0.96,0.88,0.88,0.88,0.88,0.88,0.96,0.92,0.88,0.92,0.88,0.88,0.92,0.84,0.96,0.84,0.88,0.96,0.96,0.88,0.88,0.88,0.92,0.84,0.96,0.92,0.88,0.88,0.88,0.88,0.88,0.88,0.84,0.88,0.92,0.88,0.92,0.84,0.92,0.8,0.92,0.88,0.96,0.92,0.96,0.88,0.84,0.84,0.96,0.92,0.92,0.96,0.92,0.96,0.84,0.88,0.84,0.92,0.96,0.84,0.88,0.84,0.72,0.64,0.92,0.8,0.84,0.8,0.88,0.92,0.84,0.92,0.84,0.88,0.88,0.84,0.88,0.88,0.88,0.84,0.76,0.92,0.92,0.8,0.84,0.8,0.8,0.8,0.88,0.68,0.92,0.88,0.88,0.96,0.76,0.92,0.88,0.92,0.88,0.8,0.84,0.92,0.88,0.84,0.92,0.76,0.84,0.96,0.88,0.88,0.76,0.84,0.96,0.96,0.8,0.84,0.88,0.88,0.92,0.8,0.92,0.92,0.84,0.96,0.92,0.88,0.88,0.92,0.76,0.76,0.84,0.92,0.96,0.76,0.88,0.84,0.88,0.88,0.96,0.88,0.88,0.92,0.8,0.88,0.76,0.92,0.68,0.96,0.96,0.92,0.92,0.8,0.76,0.68,0.96,0.84,0.84,0.84,0.96,0.96,0.84,0.84,0.84,0.96,0.88,0.88,0.96,0.84,0.92,0.88,0.8,0.84,0.88,0.96,0.96,0.76,0.88,0.76,0.92,0.84,
EPOCH: 65, Best: 0.96, MEAN FITNESS: 0.8874
SUM FITNESS: 177.48, SUM FITNESS*100: 17748
0.96,0.96,0.92,0.92,0.8,0.92,0.88,0.88,0.8,0.84,0.88,0.8,0.84,0.88,0.76,0.96,0.88,0.88,0.96,0.84,0.84,0.96,0.84,0.88,0.92,0.96,0.8,0.84,0.8,0.88,0.88,0.92,0.88,0.96,0.84,0.8,0.84,0.92,0.84,0.88,0.96,0.84,0.88,0.96,0.96,0.84,0.92,0.88,0.88,0.92,0.88,0.96,0.88,0.92,0.88,0.96,0.96,0.88,0.84,0.8,0.92,0.88,0.96,0.88,0.8,0.84,0.88,0.84,0.92,0.76,0.96,0.84,0.84,0.84,0.92,0.92,0.88,0.88,0.88,0.92,0.8,0.88,0.92,0.92,0.96,0.84,0.96,0.84,0.88,0.92,0.92,0.88,0.96,0.88,0.96,0.92,0.76,0.88,0.88,0.88,0.68,0.88,0.88,0.88,0.84,0.92,0.84,0.92,0.96,0.76,0.88,0.84,0.96,0.96,0.88,0.88,0.84,0.96,0.92,0.84,0.88,0.96,0.84,0.88,0.84,0.96,0.88,0.88,0.92,0.96,0.92,0.88,0.88,0.84,0.88,0.68,0.88,0.92,0.88,0.92,0.88,0.88,0.96,0.84,0.88,0.92,0.84,0.92,0.96,0.92,0.92,0.8,0.92,0.92,0.8,0.84,0.88,0.96,0.92,0.88,0.92,0.8,0.92,0.88,0.88,0.88,0.92,0.88,0.88,0.92,0.92,0.88,0.92,0.92,0.88,0.92,0.96,0.92,0.76,0.96,0.8,0.96,0.88,0.84,0.96,0.96,0.92,0.84,0.96,0.96,0.88,0.96,0.92,0.92,0.92,0.8,0.84,0.96,0.88,0.92,
EPOCH: 66, Best: 0.96, MEAN FITNESS: 0.8854
SUM FITNESS: 177.08, SUM FITNESS*100: 17708
0.96,0.92,0.68,0.96,0.92,0.92,0.96,0.92,0.96,0.92,0.92,0.76,0.88,0.84,0.92,0.92,0.92,0.92,0.96,0.8,0.88,0.8,0.88,0.84,0.88,0.84,0.8,0.84,0.8,0.8,0.92,0.72,0.84,0.92,0.92,0.96,0.96,0.88,0.96,0.8,0.88,0.84,0.92,0.88,0.8,0.88,0.96,0.92,0.88,0.76,0.84,0.92,0.88,0.92,0.96,0.84,0.88,0.88,0.96,0.84,0.8,0.84,0.96,0.88,0.84,0.92,0.84,0.88,0.88,0.88,0.88,0.96,0.88,0.96,0.84,0.8,0.92,0.96,0.96,0.88,0.84,0.84,0.92,0.92,0.96,0.92,0.84,0.92,0.92,0.8,0.96,0.96,0.8,0.92,0.92,0.96,0.96,0.92,0.96,0.88,0.76,0.88,0.8,0.96,0.92,0.84,0.96,0.88,0.88,0.84,0.92,0.92,0.88,0.92,0.92,0.92,0.84,0.92,0.96,0.76,0.96,0.96,0.96,0.88,0.88,0.92,0.92,0.92,0.96,0.84,0.88,0.8,0.84,0.84,0.88,0.84,0.84,0.96,0.88,0.92,0.96,0.92,0.8,0.88,0.88,0.84,0.84,0.88,0.88,0.92,0.96,0.92,0.88,0.92,0.84,0.88,0.92,0.88,0.96,0.72,0.84,0.8,0.8,0.8,0.88,0.84,0.84,0.84,0.88,0.84,0.88,0.84,0.92,0.92,0.92,0.84,0.88,0.88,0.92,0.72,0.96,0.92,0.88,0.96,0.88,0.84,0.92,0.88,0.84,0.96,0.92,0.92,0.76,0.96,0.96,0.88,0.88,0.92,0.96,0.84,
EPOCH: 67, Best: 0.96, MEAN FITNESS: 0.8866
SUM FITNESS: 177.32, SUM FITNESS*100: 17732
0.96,0.84,0.88,0.88,0.88,0.92,0.96,0.96,0.8,0.96,0.96,0.92,0.92,0.88,0.92,0.88,0.88,0.88,0.8,0.92,0.88,0.8,0.8,0.92,0.88,0.84,0.92,0.92,0.92,0.88,0.92,0.96,0.84,0.84,0.88,0.84,0.88,0.88,0.88,0.88,0.92,0.88,0.8,0.96,0.84,0.88,0.88,0.88,0.96,0.96,0.76,0.92,0.96,0.88,0.88,0.88,0.84,0.84,0.84,0.8,0.88,0.84,0.88,0.8,0.88,0.92,0.88,0.84,0.92,0.88,0.88,0.92,0.96,0.92,0.88,0.92,0.88,0.84,0.96,0.96,0.96,0.92,0.88,0.96,0.88,0.92,0.92,0.92,0.8,0.96,0.92,0.92,0.88,0.96,0.76,0.84,0.92,0.88,0.88,0.84,0.92,0.8,0.84,0.84,0.88,0.96,0.92,0.88,0.96,0.92,0.96,0.88,0.88,0.92,0.84,0.96,0.76,0.92,0.8,0.96,0.92,0.84,0.84,0.84,0.8,0.84,0.92,0.96,0.8,0.88,0.88,0.88,0.68,0.92,0.92,0.84,0.8,0.92,0.84,0.96,0.96,0.84,0.88,0.84,0.88,0.96,0.8,0.92,0.84,0.88,0.88,0.96,0.96,0.88,0.88,0.96,0.88,0.92,0.88,0.96,0.88,0.72,0.88,0.92,0.8,0.96,0.96,0.84,0.88,0.96,0.92,0.84,0.88,0.84,0.96,0.92,0.88,0.8,0.96,0.96,0.92,0.84,0.88,0.88,0.88,0.92,0.92,0.96,0.8,0.88,0.84,0.84,0.92,0.96,0.84,0.8,0.88,0.88,0.92,0.88,
EPOCH: 68, Best: 0.96, MEAN FITNESS: 0.894
SUM FITNESS: 178.8, SUM FITNESS*100: 17880
0.96,0.96,0.84,0.88,0.96,0.88,0.88,0.84,0.96,0.88,0.88,0.92,0.96,0.92,0.84,0.84,0.84,0.8,0.92,0.88,0.92,0.96,0.92,0.92,0.88,0.8,0.92,0.92,0.88,0.84,0.88,0.88,0.88,0.8,0.88,0.96,0.88,0.88,0.96,0.92,0.96,0.84,0.96,0.92,0.92,0.96,0.92,0.84,0.92,0.92,0.92,0.84,0.88,0.88,0.84,0.8,0.88,0.92,0.88,0.88,0.92,0.88,0.96,0.8,0.88,0.84,0.96,0.88,0.88,0.84,0.92,0.84,0.92,0.92,0.96,0.96,0.96,0.88,0.88,0.8,0.84,0.96,0.96,0.92,0.92,0.92,0.96,0.84,0.88,0.84,0.88,0.92,0.8,0.96,0.92,0.96,0.92,0.88,0.96,0.92,0.88,0.96,0.88,0.92,0.92,0.84,0.88,0.88,0.92,0.92,0.88,0.88,0.88,0.88,0.8,0.88,0.88,0.84,0.88,0.88,0.96,0.96,0.84,0.84,0.92,0.88,0.96,0.92,0.92,0.92,0.96,0.88,0.92,0.88,0.96,0.84,0.84,0.88,0.92,0.96,0.88,0.88,0.8,0.84,0.92,0.84,0.92,0.88,0.92,0.92,0.88,0.88,0.92,0.92,0.84,0.92,0.84,0.88,0.8,0.88,0.96,0.88,0.96,0.8,0.88,0.88,0.96,0.88,0.84,0.96,0.92,0.88,0.88,0.8,0.84,0.92,0.96,0.96,0.92,0.84,0.92,0.88,0.84,0.88,0.8,0.84,0.96,0.96,0.96,0.76,0.84,0.96,0.88,0.88,0.96,0.8,0.96,0.92,0.96,0.88,
EPOCH: 69, Best: 0.96, MEAN FITNESS: 0.9028
SUM FITNESS: 180.56, SUM FITNESS*100: 18056
0.96,0.88,0.96,0.8,0.92,0.96,0.92,0.92,0.84,0.84,0.84,0.84,0.88,0.92,0.88,0.92,0.92,0.92,0.8,0.92,0.96,0.96,0.92,0.88,0.92,0.8,0.88,0.92,0.96,0.84,0.84,0.92,0.92,0.88,0.96,0.84,0.92,0.92,0.96,0.96,0.92,0.88,0.84,0.96,0.92,0.96,0.88,0.88,0.88,0.84,0.92,0.92,0.96,0.92,0.88,0.96,0.96,0.84,0.96,0.8,0.8,0.88,0.92,0.84,0.92,0.92,0.96,0.92,0.84,0.88,0.92,0.96,0.88,0.88,0.96,0.84,0.92,0.84,0.96,0.92,0.88,0.92,0.88,0.92,0.8,0.92,0.92,0.96,0.88,0.88,0.84,0.92,0.84,0.92,0.88,0.84,0.88,0.88,0.88,0.84,0.92,0.88,0.76,0.92,0.84,0.92,0.92,0.88,0.96,0.92,0.96,0.92,0.96,0.96,0.84,0.76,0.84,0.96,0.96,0.92,0.96,0.8,0.88,0.92,0.92,0.92,0.88,0.84,0.96,0.84,0.96,0.96,0.84,0.96,0.92,0.96,0.96,0.96,0.96,0.8,0.96,0.88,0.96,0.88,0.88,0.92,0.92,0.92,0.96,0.92,0.92,0.84,0.96,0.92,0.96,0.88,0.88,0.92,0.92,0.84,0.96,0.96,0.96,0.84,0.96,0.92,0.92,0.96,0.92,0.88,0.8,0.88,0.96,0.96,0.92,0.88,0.92,0.92,0.92,0.88,0.96,0.88,0.84,0.92,0.96,0.96,0.92,0.88,0.88,0.92,0.84,0.96,0.88,0.88,0.92,0.96,0.8,0.92,0.92,0.88,
EPOCH: 70, Best: 0.96, MEAN FITNESS: 0.9076
SUM FITNESS: 181.52, SUM FITNESS*100: 18152
0.96,0.88,0.88,0.96,0.92,0.84,0.92,0.96,0.92,0.76,0.96,0.88,0.96,0.8,0.92,0.8,0.88,0.88,0.88,0.88,0.96,0.92,0.96,0.88,0.96,0.84,0.88,0.88,0.92,0.92,0.88,0.92,0.92,0.92,0.96,0.96,0.96,0.96,0.96,0.92,0.96,0.96,0.92,0.96,0.88,0.88,0.92,0.92,0.84,0.96,0.96,0.92,0.88,0.92,0.92,0.88,0.96,0.96,0.76,0.92,0.92,0.88,0.92,0.96,0.88,0.8,0.96,0.84,0.96,0.84,0.88,0.96,0.92,0.88,0.88,0.96,0.88,0.88,0.92,0.92,0.92,0.96,0.92,0.88,0.96,0.96,0.88,0.92,0.88,0.88,0.88,0.96,0.92,0.88,0.76,0.96,0.96,0.88,0.92,0.8,0.88,0.92,0.92,0.96,0.92,0.88,0.96,0.8,0.92,0.96,0.96,0.88,0.96,0.96,0.92,0.92,0.8,0.96,0.92,0.92,0.92,0.84,0.92,0.96,0.84,0.96,0.88,0.8,0.96,0.92,0.96,0.96,0.88,0.96,0.92,0.92,0.96,0.92,0.76,0.96,0.96,0.92,0.96,0.88,0.88,0.88,0.88,0.92,0.92,0.96,0.8,0.88,0.84,0.96,0.92,0.96,0.88,0.88,0.84,0.96,0.96,0.96,0.84,0.88,0.96,0.88,0.88,0.76,0.92,0.84,0.96,0.92,0.88,0.96,0.92,0.88,0.96,0.92,0.96,0.84,0.84,0.96,0.96,0.96,0.84,0.88,0.88,0.96,0.8,0.8,0.84,0.88,0.96,0.96,0.92,0.96,0.88,0.96,0.92,0.96,
EPOCH: 71, Best: 0.96, MEAN FITNESS: 0.9072
SUM FITNESS: 181.44, SUM FITNESS*100: 18144
0.96,0.96,0.88,0.92,0.84,0.96,0.88,0.92,0.8,0.92,0.96,0.96,0.88,0.88,0.84,0.96,0.92,0.96,0.88,0.8,0.92,0.84,0.88,0.92,0.84,0.92,0.96,0.92,0.96,0.92,0.92,0.76,0.84,0.96,0.96,0.96,0.96,0.88,0.72,0.92,0.92,0.88,0.92,0.88,0.96,0.84,0.92,0.92,0.88,0.96,0.8,0.92,0.88,0.88,0.88,0.96,0.96,0.88,0.88,0.96,0.92,0.88,0.92,0.96,0.92,0.92,0.96,0.96,0.92,0.88,0.76,0.8,0.92,0.84,0.92,0.96,0.92,0.96,0.84,0.92,0.88,0.92,0.88,0.88,0.84,0.96,0.88,0.84,0.92,0.96,0.84,0.92,0.92,0.88,0.96,0.92,0.96,0.96,0.96,0.96,0.76,0.84,0.92,0.96,0.96,0.76,0.88,0.84,0.88,0.88,0.88,0.92,0.92,0.92,0.92,0.92,0.96,0.96,0.92,0.92,0.92,0.92,0.84,0.96,0.84,0.88,0.92,0.92,0.92,0.96,0.92,0.88,0.96,0.84,0.92,0.92,0.88,0.88,0.88,0.84,0.92,0.96,0.96,0.88,0.76,0.92,0.88,0.96,0.92,0.96,0.92,0.96,0.96,0.76,0.92,0.88,0.92,0.92,0.96,0.84,0.92,0.96,0.92,0.92,0.92,0.96,0.92,0.96,0.92,0.96,0.92,0.76,0.88,0.72,0.96,0.96,0.88,0.96,0.92,0.88,0.96,0.88,0.96,0.96,0.88,0.96,0.92,0.96,0.92,0.92,0.96,0.92,0.92,0.96,0.92,0.88,0.96,0.96,0.96,0.96,
EPOCH: 72, Best: 1, MEAN FITNESS: 0.9138
SUM FITNESS: 182.76, SUM FITNESS*100: 18276
0.96,0.96,0.92,0.96,0.92,0.92,0.84,0.96,0.92,0.88,0.88,0.88,0.92,0.96,0.96,0.96,0.92,0.8,0.92,0.84,0.96,0.88,0.88,0.96,0.92,0.88,0.88,0.88,0.96,0.8,0.96,0.8,0.92,0.84,1,0.92,0.92,0.96,0.96,0.92,0.96,0.84,0.92,0.88,0.92,0.72,0.88,0.8,0.96,0.96,0.88,0.96,0.96,0.88,0.96,0.88,0.92,0.92,0.96,0.96,0.92,0.88,0.92,0.96,0.92,0.92,0.88,0.96,0.96,0.96,0.92,0.8,0.88,0.96,0.88,0.8,0.88,0.84,0.96,0.92,0.88,0.88,0.96,0.92,0.92,0.92,0.88,0.88,0.92,0.96,0.96,0.96,0.84,0.92,0.96,0.96,0.88,0.88,0.96,0.92,0.88,0.92,0.88,0.84,0.88,0.84,0.92,0.96,0.96,0.96,0.84,0.96,0.96,0.92,0.96,0.88,0.92,0.92,0.96,0.84,0.88,0.96,0.92,0.88,0.92,0.92,0.88,0.92,0.92,0.92,0.96,0.96,0.84,0.96,0.92,0.96,0.92,0.96,0.96,0.96,0.88,0.96,0.96,0.84,0.88,0.92,0.96,0.92,0.88,0.96,0.92,0.92,0.92,0.92,0.92,0.88,0.96,0.92,0.92,0.92,0.92,0.96,0.92,0.92,0.88,0.92,0.96,0.88,0.96,0.96,0.92,0.96,0.92,0.84,0.88,0.8,0.96,0.92,0.8,0.96,0.96,0.92,0.96,0.88,0.96,0.92,0.84,0.92,0.88,0.8,0.96,0.96,0.92,0.96,0.88,0.96,0.92,0.96,0.92,0.88,
